,totalCount,microComponent,microSubVolum,microSubtopic,microPubVolum,microPubTopic,microRate,pubDevicepubtopics,pubDevicepubvolum,pubDevicesubtopics,pubDevicesubcvolum,pubDevicevolums,pubDevicefre,pubDevicecpuPercent,subDevicePubTopic,subDevicePubVolum,subDeviceSubTopic,subDeviceSubVolum,subDeviceVolums,subDeviceFrequency,subDeviceCpuPercent,upLatency,upCount,upComponent,upSubVolum,upSubtopic,upPubVolum,upPubTopic,upRate
0,80,51.0,7464602,1,1545954,3,1,1,7464602,0,0,7464602,0.9,0.0,6,1595601,7,8340197,9935798,2.2,1.0,0.0,80,0.05,0,0,7464602,1,1
1,80,19.1,515318,1,12752,1,1,6,1595601,7,8340197,9935798,2.2,1.0,6,1595601,7,8340197,9935798,2.2,1.0,7.0338456451892855,80,51.0,7464602,1,1545954,3,1
2,80,1.0,515318,1,12752,1,1,6,1595601,7,8340197,9935798,2.2,1.0,2,25504,2,1030636,1056140,3.6,0.5,7.0338456451892855,80,51.0,7464602,1,1545954,3,1
3,80,0.5,515318,1,12752,1,1,6,1595601,7,8340197,9935798,2.2,1.0,2,25504,2,1030636,1056140,3.6,0.5,7.0338456451892855,80,51.0,7464602,1,1545954,3,1
4,80,51.0,7464602,1,1545954,3,1,1,7464602,0,0,7464602,0.9,0.0,6,1595601,7,8340197,9935798,2.2,1.0,0.0,80,0.05,0,0,7464602,1,1
5,80,19.1,515318,1,12752,1,1,6,1595601,7,8340197,9935798,2.2,1.0,2,25504,2,1030636,1056140,3.6,0.5,7.590593719482422,80,51.0,7464602,1,1545954,3,1
6,80,1.0,515318,1,12752,1,1,6,1595601,7,8340197,9935798,2.2,1.0,6,1595601,7,8340197,9935798,2.2,1.0,7.590593719482422,80,51.0,7464602,1,1545954,3,1
7,80,0.5,515318,1,12752,1,1,6,1595601,7,8340197,9935798,2.2,1.0,2,25504,2,1030636,1056140,3.6,0.5,7.590593719482422,80,51.0,7464602,1,1545954,3,1
8,80,51.0,7464602,1,1545954,3,1,1,7464602,0,0,7464602,0.9,0.0,5,1582849,3,7786623,9369472,2.2,0.67,0.0,80,0.05,0,0,7464602,1,1
9,80,19.1,515318,1,12752,1,1,5,1582849,3,7786623,9369472,2.2,0.67,3,38256,6,1584210,1622466,3.6,1.0,8.850202968716621,80,51.0,7464602,1,1545954,3,1
10,80,1.0,515318,1,12752,1,1,5,1582849,3,7786623,9369472,2.2,0.67,3,38256,6,1584210,1622466,3.6,1.0,8.850202968716621,80,51.0,7464602,1,1545954,3,1
11,80,0.5,515318,1,12752,1,1,5,1582849,3,7786623,9369472,2.2,0.67,3,38256,6,1584210,1622466,3.6,1.0,8.850202968716621,80,51.0,7464602,1,1545954,3,1
12,80,51.0,7464602,1,1545954,3,1,1,7464602,0,0,7464602,0.9,0.0,4,1558706,2,7979920,9538626,3.6,0.5,0.0,80,0.05,0,0,7464602,1,1
13,80,19.1,515318,1,12752,1,1,4,1558706,2,7979920,9538626,3.6,0.5,4,62399,7,1390913,1453312,2.2,1.0,1.2936653226613999,80,51.0,7464602,1,1545954,3,1
14,80,1.0,515318,1,12752,1,1,4,1558706,2,7979920,9538626,3.6,0.5,4,62399,7,1390913,1453312,2.2,1.0,1.2936653226613999,80,51.0,7464602,1,1545954,3,1
15,80,0.5,515318,1,12752,1,1,4,1558706,2,7979920,9538626,3.6,0.5,4,1558706,2,7979920,9538626,3.6,0.5,1.2936653226613999,80,51.0,7464602,1,1545954,3,1
16,80,51.0,7464602,1,1545954,3,1,1,7464602,0,0,7464602,0.9,0.0,4,1558706,5,8018176,9576882,3.6,0.75,0.0,80,0.05,0,0,7464602,1,1
17,80,19.1,515318,1,12752,1,1,4,1558706,5,8018176,9576882,3.6,0.75,4,62399,4,1352657,1415056,2.2,0.83,1.3546235620975495,80,51.0,7464602,1,1545954,3,1
18,80,1.0,515318,1,12752,1,1,4,1558706,5,8018176,9576882,3.6,0.75,4,62399,4,1352657,1415056,2.2,0.83,1.3546235620975495,80,51.0,7464602,1,1545954,3,1
19,80,0.5,515318,1,12752,1,1,4,1558706,5,8018176,9576882,3.6,0.75,4,1558706,5,8018176,9576882,3.6,0.75,1.3546235620975495,80,51.0,7464602,1,1545954,3,1
20,80,51.0,7464602,1,1545954,3,1,1,7464602,0,0,7464602,0.9,0.0,6,1584210,4,9010556,10594766,3.6,1.0,0.0,80,0.05,0,0,7464602,1,1
21,80,19.1,515318,1,12752,1,1,6,1584210,4,9010556,10594766,3.6,1.0,6,1584210,4,9010556,10594766,3.6,1.0,1.2501677602529526,80,51.0,7464602,1,1545954,3,1
22,80,1.0,515318,1,12752,1,1,6,1584210,4,9010556,10594766,3.6,1.0,6,1584210,4,9010556,10594766,3.6,1.0,1.2501677602529526,80,51.0,7464602,1,1545954,3,1
23,80,0.5,515318,1,12752,1,1,6,1584210,4,9010556,10594766,3.6,1.0,6,1584210,4,9010556,10594766,3.6,1.0,1.2501677602529526,80,51.0,7464602,1,1545954,3,1
0,80,51.0,7464602,1,1545954,3,1,1,7464602,0,0,7464602,0.9,0.0,5,1595338,6,8333065,9928403,2.2,0.75,0.0,80,0.05,0,0,7464602,1,1
1,80,19.1,515318,1,12752,1,1,5,1595338,6,8333065,9928403,2.2,0.75,3,25767,3,1037768,1063535,3.6,0.88,1.4937491685152053,80,51.0,7464602,1,1545954,3,1
2,80,1.0,515318,1,12752,1,1,5,1595338,6,8333065,9928403,2.2,0.75,5,1595338,6,8333065,9928403,2.2,0.75,1.4937491685152053,80,51.0,7464602,1,1545954,3,1
3,80,0.5,515318,1,12752,1,1,5,1595338,6,8333065,9928403,2.2,0.75,3,25767,3,1037768,1063535,3.6,0.88,1.4937491685152053,80,51.0,7464602,1,1545954,3,1
4,80,51.0,7464602,1,1545954,3,1,1,7464602,0,0,7464602,0.9,0.0,5,1558969,3,7987052,9546021,3.6,0.88,0.0,80,0.05,0,0,7464602,1,1
5,80,19.1,515318,1,12752,1,1,5,1558969,3,7987052,9546021,3.6,0.88,3,62136,6,1383781,1445917,2.2,0.75,1.3652838736772537,80,51.0,7464602,1,1545954,3,1
6,80,1.0,515318,1,12752,1,1,5,1558969,3,7987052,9546021,3.6,0.88,3,62136,6,1383781,1445917,2.2,0.75,1.3652838736772537,80,51.0,7464602,1,1545954,3,1
7,80,0.5,515318,1,12752,1,1,5,1558969,3,7987052,9546021,3.6,0.88,5,1558969,3,7987052,9546021,3.6,0.88,1.3652838736772537,80,51.0,7464602,1,1545954,3,1
0,80,51.0,7464602,1,1545954,3,1,1,7464602,0,0,7464602,0.9,0.0,5,1595338,6,8333065,9928403,2.2,0.75,0.0,80,0.05,0,0,7464602,1,1
1,80,19.1,515318,1,12752,1,1,5,1595338,6,8333065,9928403,2.2,0.75,5,1595338,6,8333065,9928403,2.2,0.75,1.4301009982824326,80,51.0,7464602,1,1545954,3,1
2,80,1.0,515318,1,12752,1,1,5,1595338,6,8333065,9928403,2.2,0.75,2,25504,2,1030636,1056140,3.6,0.5,1.4301009982824326,80,51.0,7464602,1,1545954,3,1
3,80,0.5,515318,1,12752,1,1,5,1595338,6,8333065,9928403,2.2,0.75,2,25504,2,1030636,1056140,3.6,0.5,1.4301009982824326,80,51.0,7464602,1,1545954,3,1
4,80,51.0,7464602,1,1545954,3,1,1,7464602,0,0,7464602,0.9,0.0,5,1595338,3,8294809,9890147,2.2,0.58,0.0,80,0.05,0,0,7464602,1,1
5,80,19.1,515318,1,12752,1,1,5,1595338,3,8294809,9890147,2.2,0.58,5,1595338,3,8294809,9890147,2.2,0.58,1.368637916445732,80,51.0,7464602,1,1545954,3,1
6,80,1.0,515318,1,12752,1,1,5,1595338,3,8294809,9890147,2.2,0.58,2,25504,5,1068892,1094396,3.6,0.75,1.368637916445732,80,51.0,7464602,1,1545954,3,1
7,80,0.5,515318,1,12752,1,1,5,1595338,3,8294809,9890147,2.2,0.58,2,25504,5,1068892,1094396,3.6,0.75,1.368637916445732,80,51.0,7464602,1,1545954,3,1
8,80,51.0,7464602,1,1545954,3,1,1,7464602,0,0,7464602,0.9,0.0,4,1582586,5,7817747,9400333,2.2,0.58,0.0,80,0.05,0,0,7464602,1,1
9,80,19.1,515318,1,12752,1,1,4,1582586,5,7817747,9400333,2.2,0.58,3,38256,3,1545954,1584210,3.6,0.75,4.448751640319824,80,51.0,7464602,1,1545954,3,1
10,80,1.0,515318,1,12752,1,1,4,1582586,5,7817747,9400333,2.2,0.58,3,38256,3,1545954,1584210,3.6,0.75,4.448751640319824,80,51.0,7464602,1,1545954,3,1
11,80,0.5,515318,1,12752,1,1,4,1582586,5,7817747,9400333,2.2,0.58,3,38256,3,1545954,1584210,3.6,0.75,4.448751640319824,80,51.0,7464602,1,1545954,3,1
12,80,51.0,7464602,1,1545954,3,1,1,7464602,0,0,7464602,0.9,0.0,5,1571458,3,8495238,10066696,3.6,0.75,0.0,80,0.05,0,0,7464602,1,1
13,80,19.1,515318,1,12752,1,1,5,1571458,3,8495238,10066696,3.6,0.75,2,49384,5,868463,917847,2.2,0.58,1.2495186388492585,80,51.0,7464602,1,1545954,3,1
14,80,1.0,515318,1,12752,1,1,5,1571458,3,8495238,10066696,3.6,0.75,5,1571458,3,8495238,10066696,3.6,0.75,1.2495186388492585,80,51.0,7464602,1,1545954,3,1
15,80,0.5,515318,1,12752,1,1,5,1571458,3,8495238,10066696,3.6,0.75,5,1571458,3,8495238,10066696,3.6,0.75,1.2495186388492585,80,51.0,7464602,1,1545954,3,1
0,80,51.0,7464602,1,1545954,3,1,1,7464602,0,0,7464602,0.9,0.0,5,1558969,6,8025308,9584277,2.2,0.75,0.0,80,0.05,0,0,7464602,1,1
1,80,19.1,515318,1,12752,1,1,5,1558969,6,8025308,9584277,2.2,0.75,5,1558969,6,8025308,9584277,2.2,0.75,1.4026066839694977,80,51.0,7464602,1,1545954,3,1
2,80,1.0,515318,1,12752,1,1,5,1558969,6,8025308,9584277,2.2,0.75,3,62136,3,1345525,1407661,3.6,0.88,1.4026066839694977,80,51.0,7464602,1,1545954,3,1
3,80,0.5,515318,1,12752,1,1,5,1558969,6,8025308,9584277,2.2,0.75,3,62136,3,1345525,1407661,3.6,0.88,1.4026066839694977,80,51.0,7464602,1,1545954,3,1
0,80,51.0,7464602,1,1545954,3,1,1,7464602,0,0,7464602,0.9,0.0,5,1589718,6,8055627,9645345,2.2,0.83,0.0,80,0.05,0,0,7464602,1,1
1,80,19.1,515318,1,12752,1,1,5,1589718,6,8055627,9645345,2.2,0.83,3,38256,3,1545954,1584210,3.6,0.75,14.365415304899216,80,51.0,7464602,1,1545954,3,1
2,80,1.0,515318,1,12752,1,1,5,1589718,6,8055627,9645345,2.2,0.83,3,38256,3,1545954,1584210,3.6,0.75,14.365415304899216,80,51.0,7464602,1,1545954,3,1
3,80,0.5,515318,1,12752,1,1,5,1589718,6,8055627,9645345,2.2,0.83,3,38256,3,1545954,1584210,3.6,0.75,14.365415304899216,80,51.0,7464602,1,1545954,3,1
4,80,51.0,7464602,1,1545954,3,1,1,7464602,0,0,7464602,0.9,0.0,5,1589718,3,8017371,9607089,2.2,0.67,0.0,80,0.05,0,0,7464602,1,1
5,80,19.1,515318,1,12752,1,1,5,1589718,3,8017371,9607089,2.2,0.67,3,38256,6,1584210,1622466,3.6,1.0,9.49037824869156,80,51.0,7464602,1,1545954,3,1
6,80,1.0,515318,1,12752,1,1,5,1589718,3,8017371,9607089,2.2,0.67,3,38256,6,1584210,1622466,3.6,1.0,9.49037824869156,80,51.0,7464602,1,1545954,3,1
7,80,0.5,515318,1,12752,1,1,5,1589718,3,8017371,9607089,2.2,0.67,3,38256,6,1584210,1622466,3.6,1.0,9.49037824869156,80,51.0,7464602,1,1545954,3,1
8,80,51.0,7464602,1,1545954,3,1,1,7464602,0,0,7464602,0.9,0.0,4,1558706,2,7979920,9538626,3.6,0.5,0.0,80,0.05,0,0,7464602,1,1
9,80,19.1,515318,1,12752,1,1,4,1558706,2,7979920,9538626,3.6,0.5,4,69268,7,1621661,1690929,2.2,1.0,1.2528437972068787,80,51.0,7464602,1,1545954,3,1
10,80,1.0,515318,1,12752,1,1,4,1558706,2,7979920,9538626,3.6,0.5,4,69268,7,1621661,1690929,2.2,1.0,1.2528437972068787,80,51.0,7464602,1,1545954,3,1
11,80,0.5,515318,1,12752,1,1,4,1558706,2,7979920,9538626,3.6,0.5,4,1558706,2,7979920,9538626,3.6,0.5,1.2528437972068787,80,51.0,7464602,1,1545954,3,1
12,80,51.0,7464602,1,1545954,3,1,1,7464602,0,0,7464602,0.9,0.0,4,1558706,5,8018176,9576882,3.6,0.75,0.0,80,0.05,0,0,7464602,1,1
13,80,19.1,515318,1,12752,1,1,4,1558706,5,8018176,9576882,3.6,0.75,4,69268,4,1583405,1652673,2.2,0.83,1.310869351029396,80,51.0,7464602,1,1545954,3,1
14,80,1.0,515318,1,12752,1,1,4,1558706,5,8018176,9576882,3.6,0.75,4,69268,4,1583405,1652673,2.2,0.83,1.310869351029396,80,51.0,7464602,1,1545954,3,1
15,80,0.5,515318,1,12752,1,1,4,1558706,5,8018176,9576882,3.6,0.75,4,1558706,5,8018176,9576882,3.6,0.75,1.310869351029396,80,51.0,7464602,1,1545954,3,1
16,80,51.0,7464602,1,1545954,3,1,1,7464602,0,0,7464602,0.9,0.0,5,1571458,6,8533494,10104952,3.6,1.0,0.0,80,0.05,0,0,7464602,1,1
17,80,19.1,515318,1,12752,1,1,5,1571458,6,8533494,10104952,3.6,1.0,3,56516,3,1068087,1124603,2.2,0.67,1.297308447957039,80,51.0,7464602,1,1545954,3,1
18,80,1.0,515318,1,12752,1,1,5,1571458,6,8533494,10104952,3.6,1.0,5,1571458,6,8533494,10104952,3.6,1.0,1.297308447957039,80,51.0,7464602,1,1545954,3,1
19,80,0.5,515318,1,12752,1,1,5,1571458,6,8533494,10104952,3.6,1.0,5,1571458,6,8533494,10104952,3.6,1.0,1.297308447957039,80,51.0,7464602,1,1545954,3,1
20,80,51.0,7464602,1,1545954,3,1,1,7464602,0,0,7464602,0.9,0.0,5,1571458,3,8495238,10066696,3.6,0.75,0.0,80,0.05,0,0,7464602,1,1
21,80,19.1,515318,1,12752,1,1,5,1571458,3,8495238,10066696,3.6,0.75,5,1571458,3,8495238,10066696,3.6,0.75,1.2296213656663895,80,51.0,7464602,1,1545954,3,1
22,80,1.0,515318,1,12752,1,1,5,1571458,3,8495238,10066696,3.6,0.75,3,56516,6,1106343,1162859,2.2,0.83,1.2296213656663895,80,51.0,7464602,1,1545954,3,1
23,80,0.5,515318,1,12752,1,1,5,1571458,3,8495238,10066696,3.6,0.75,5,1571458,3,8495238,10066696,3.6,0.75,1.2296213656663895,80,51.0,7464602,1,1545954,3,1
0,80,51.0,7464602,1,1545954,3,1,1,7464602,0,0,7464602,0.9,0.0,6,1589981,4,8024503,9614484,2.2,0.92,0.0,80,0.05,0,0,7464602,1,1
1,80,19.1,515318,1,12752,1,1,6,1589981,4,8024503,9614484,2.2,0.92,2,13363,2,551950,565313,1.43,0.75,16.39515917301178,80,51.0,7464602,1,1545954,3,1
2,80,1.0,515318,1,12752,1,1,6,1589981,4,8024503,9614484,2.2,0.92,2,25504,5,1068892,1094396,3.6,0.75,16.39515917301178,80,51.0,7464602,1,1545954,3,1
3,80,0.5,515318,1,12752,1,1,6,1589981,4,8024503,9614484,2.2,0.92,2,25504,5,1068892,1094396,3.6,0.75,16.39515917301178,80,51.0,7464602,1,1545954,3,1
4,80,51.0,7464602,1,1545954,3,1,1,7464602,0,0,7464602,0.9,0.0,6,1589981,4,8024503,9614484,2.2,0.92,0.0,80,0.05,0,0,7464602,1,1
5,80,19.1,515318,1,12752,1,1,6,1589981,4,8024503,9614484,2.2,0.92,2,25504,5,1068892,1094396,3.6,0.75,7.867970561981201,80,51.0,7464602,1,1545954,3,1
6,80,1.0,515318,1,12752,1,1,6,1589981,4,8024503,9614484,2.2,0.92,2,13363,2,551950,565313,1.43,0.75,7.867970561981201,80,51.0,7464602,1,1545954,3,1
7,80,0.5,515318,1,12752,1,1,6,1589981,4,8024503,9614484,2.2,0.92,2,25504,5,1068892,1094396,3.6,0.75,7.867970561981201,80,51.0,7464602,1,1545954,3,1
8,80,51.0,7464602,1,1545954,3,1,1,7464602,0,0,7464602,0.9,0.0,6,1589981,4,8024503,9614484,2.2,0.92,0.0,80,0.05,0,0,7464602,1,1
9,80,19.1,515318,1,12752,1,1,6,1589981,4,8024503,9614484,2.2,0.92,3,38256,6,1584210,1622466,3.6,1.0,9.37171849012375,80,51.0,7464602,1,1545954,3,1
10,80,1.0,515318,1,12752,1,1,6,1589981,4,8024503,9614484,2.2,0.92,3,38256,6,1584210,1622466,3.6,1.0,9.37171849012375,80,51.0,7464602,1,1545954,3,1
11,80,0.5,515318,1,12752,1,1,6,1589981,4,8024503,9614484,2.2,0.92,3,38256,6,1584210,1622466,3.6,1.0,9.37171849012375,80,51.0,7464602,1,1545954,3,1
12,80,51.0,7464602,1,1545954,3,1,1,7464602,0,0,7464602,0.9,0.0,4,1558706,5,8018176,9576882,3.6,0.75,0.0,80,0.05,0,0,7464602,1,1
13,80,19.1,515318,1,12752,1,1,4,1558706,5,8018176,9576882,3.6,0.75,2,13363,2,551950,565313,1.43,0.75,1.2511276304721832,80,51.0,7464602,1,1545954,3,1
14,80,1.0,515318,1,12752,1,1,4,1558706,5,8018176,9576882,3.6,0.75,4,56779,4,1075219,1131998,2.2,0.92,1.2511276304721832,80,51.0,7464602,1,1545954,3,1
15,80,0.5,515318,1,12752,1,1,4,1558706,5,8018176,9576882,3.6,0.75,4,1558706,5,8018176,9576882,3.6,0.75,1.2511276304721832,80,51.0,7464602,1,1545954,3,1
16,80,51.0,7464602,1,1545954,3,1,1,7464602,0,0,7464602,0.9,0.0,5,1571458,3,8495238,10066696,3.6,0.75,0.0,80,0.05,0,0,7464602,1,1
17,80,19.1,515318,1,12752,1,1,5,1571458,3,8495238,10066696,3.6,0.75,2,13363,2,551950,565313,1.43,0.75,1.2427263468503953,80,51.0,7464602,1,1545954,3,1
18,80,1.0,515318,1,12752,1,1,5,1571458,3,8495238,10066696,3.6,0.75,5,1571458,3,8495238,10066696,3.6,0.75,1.2427263468503953,80,51.0,7464602,1,1545954,3,1
19,80,0.5,515318,1,12752,1,1,5,1571458,3,8495238,10066696,3.6,0.75,5,1571458,3,8495238,10066696,3.6,0.75,1.2427263468503953,80,51.0,7464602,1,1545954,3,1
20,80,51.0,7464602,1,1545954,3,1,1,7464602,0,0,7464602,0.9,0.0,5,1571458,6,8533494,10104952,3.6,1.0,0.0,80,0.05,0,0,7464602,1,1
21,80,19.1,515318,1,12752,1,1,5,1571458,6,8533494,10104952,3.6,1.0,2,13363,2,551950,565313,1.43,0.75,1.2551155149936677,80,51.0,7464602,1,1545954,3,1
22,80,1.0,515318,1,12752,1,1,5,1571458,6,8533494,10104952,3.6,1.0,5,1571458,6,8533494,10104952,3.6,1.0,1.2551155149936677,80,51.0,7464602,1,1545954,3,1
23,80,0.5,515318,1,12752,1,1,5,1571458,6,8533494,10104952,3.6,1.0,5,1571458,6,8533494,10104952,3.6,1.0,1.2551155149936677,80,51.0,7464602,1,1545954,3,1
24,80,51.0,7464602,1,1545954,3,1,1,7464602,0,0,7464602,0.9,0.0,4,1558706,5,8018176,9576882,3.6,0.75,0.0,80,0.05,0,0,7464602,1,1
25,80,19.1,515318,1,12752,1,1,4,1558706,5,8018176,9576882,3.6,0.75,4,56779,4,1075219,1131998,2.2,0.92,3.1688407927751543,80,51.0,7464602,1,1545954,3,1
26,80,1.0,515318,1,12752,1,1,4,1558706,5,8018176,9576882,3.6,0.75,2,13363,2,551950,565313,1.43,0.75,3.1688407927751543,80,51.0,7464602,1,1545954,3,1
27,80,0.5,515318,1,12752,1,1,4,1558706,5,8018176,9576882,3.6,0.75,4,1558706,5,8018176,9576882,3.6,0.75,3.1688407927751543,80,51.0,7464602,1,1545954,3,1
28,80,51.0,7464602,1,1545954,3,1,1,7464602,0,0,7464602,0.9,0.0,5,1571458,6,8533494,10104952,3.6,1.0,0.0,80,0.05,0,0,7464602,1,1
29,80,19.1,515318,1,12752,1,1,5,1571458,6,8533494,10104952,3.6,1.0,4,56779,4,1075219,1131998,2.2,0.92,1.278056514263153,80,51.0,7464602,1,1545954,3,1
30,80,1.0,515318,1,12752,1,1,5,1571458,6,8533494,10104952,3.6,1.0,5,1571458,6,8533494,10104952,3.6,1.0,1.278056514263153,80,51.0,7464602,1,1545954,3,1
31,80,0.5,515318,1,12752,1,1,5,1571458,6,8533494,10104952,3.6,1.0,5,1571458,6,8533494,10104952,3.6,1.0,1.278056514263153,80,51.0,7464602,1,1545954,3,1
32,80,51.0,7464602,1,1545954,3,1,1,7464602,0,0,7464602,0.9,0.0,5,1571458,3,8495238,10066696,3.6,0.75,0.0,80,0.05,0,0,7464602,1,1
33,80,19.1,515318,1,12752,1,1,5,1571458,3,8495238,10066696,3.6,0.75,5,1571458,3,8495238,10066696,3.6,0.75,1.26532524228096,80,51.0,7464602,1,1545954,3,1
34,80,1.0,515318,1,12752,1,1,5,1571458,3,8495238,10066696,3.6,0.75,2,13363,2,551950,565313,1.43,0.75,1.26532524228096,80,51.0,7464602,1,1545954,3,1
35,80,0.5,515318,1,12752,1,1,5,1571458,3,8495238,10066696,3.6,0.75,5,1571458,3,8495238,10066696,3.6,0.75,1.26532524228096,80,51.0,7464602,1,1545954,3,1
36,80,51.0,7464602,1,1545954,3,1,1,7464602,0,0,7464602,0.9,0.0,5,1571458,6,8533494,10104952,3.6,1.0,0.0,80,0.05,0,0,7464602,1,1
37,80,19.1,515318,1,12752,1,1,5,1571458,6,8533494,10104952,3.6,1.0,5,1571458,6,8533494,10104952,3.6,1.0,1.3073026031255721,80,51.0,7464602,1,1545954,3,1
38,80,1.0,515318,1,12752,1,1,5,1571458,6,8533494,10104952,3.6,1.0,2,13363,2,551950,565313,1.43,0.75,1.3073026031255721,80,51.0,7464602,1,1545954,3,1
39,80,0.5,515318,1,12752,1,1,5,1571458,6,8533494,10104952,3.6,1.0,5,1571458,6,8533494,10104952,3.6,1.0,1.3073026031255721,80,51.0,7464602,1,1545954,3,1
40,80,51.0,7464602,1,1545954,3,1,1,7464602,0,0,7464602,0.9,0.0,5,1571458,6,8533494,10104952,3.6,1.0,0.0,80,0.05,0,0,7464602,1,1
41,80,19.1,515318,1,12752,1,1,5,1571458,6,8533494,10104952,3.6,1.0,5,1571458,6,8533494,10104952,3.6,1.0,1.2881951302289962,80,51.0,7464602,1,1545954,3,1
42,80,1.0,515318,1,12752,1,1,5,1571458,6,8533494,10104952,3.6,1.0,4,56779,4,1075219,1131998,2.2,0.92,1.2881951302289962,80,51.0,7464602,1,1545954,3,1
43,80,0.5,515318,1,12752,1,1,5,1571458,6,8533494,10104952,3.6,1.0,5,1571458,6,8533494,10104952,3.6,1.0,1.2881951302289962,80,51.0,7464602,1,1545954,3,1
0,80,51.0,7464602,1,1545954,3,1,1,7464602,0,0,7464602,0.9,0.0,5,1589718,6,8055627,9645345,2.2,0.83,0.0,80,0.05,0,0,7464602,1,1
1,80,19.1,515318,1,12752,1,1,5,1589718,6,8055627,9645345,2.2,0.83,2,13363,2,551950,565313,1.43,0.75,11.376451507210732,80,51.0,7464602,1,1545954,3,1
2,80,1.0,515318,1,12752,1,1,5,1589718,6,8055627,9645345,2.2,0.83,3,25767,3,1037768,1063535,3.6,0.88,11.376451507210732,80,51.0,7464602,1,1545954,3,1
3,80,0.5,515318,1,12752,1,1,5,1589718,6,8055627,9645345,2.2,0.83,3,25767,3,1037768,1063535,3.6,0.88,11.376451507210732,80,51.0,7464602,1,1545954,3,1
4,80,51.0,7464602,1,1545954,3,1,1,7464602,0,0,7464602,0.9,0.0,5,1589718,6,8055627,9645345,2.2,0.83,0.0,80,0.05,0,0,7464602,1,1
5,80,19.1,515318,1,12752,1,1,5,1589718,6,8055627,9645345,2.2,0.83,3,25767,3,1037768,1063535,3.6,0.88,11.667818012833596,80,51.0,7464602,1,1545954,3,1
6,80,1.0,515318,1,12752,1,1,5,1589718,6,8055627,9645345,2.2,0.83,2,13363,2,551950,565313,1.43,0.75,11.667818012833596,80,51.0,7464602,1,1545954,3,1
7,80,0.5,515318,1,12752,1,1,5,1589718,6,8055627,9645345,2.2,0.83,3,25767,3,1037768,1063535,3.6,0.88,11.667818012833596,80,51.0,7464602,1,1545954,3,1
8,80,51.0,7464602,1,1545954,3,1,1,7464602,0,0,7464602,0.9,0.0,5,1558969,3,7987052,9546021,3.6,0.88,0.0,80,0.05,0,0,7464602,1,1
9,80,19.1,515318,1,12752,1,1,5,1558969,3,7987052,9546021,3.6,0.88,2,13363,2,551950,565313,1.43,0.75,5.227472019195557,80,51.0,7464602,1,1545954,3,1
10,80,1.0,515318,1,12752,1,1,5,1558969,3,7987052,9546021,3.6,0.88,3,56516,6,1106343,1162859,2.2,0.83,5.227472019195557,80,51.0,7464602,1,1545954,3,1
11,80,0.5,515318,1,12752,1,1,5,1558969,3,7987052,9546021,3.6,0.88,5,1558969,3,7987052,9546021,3.6,0.88,5.227472019195557,80,51.0,7464602,1,1545954,3,1
0,80,51.0,7464602,1,1545954,3,1,1,7464602,0,0,7464602,0.9,0.0,6,1602470,7,8570945,10173415,2.2,1.0,0.0,80,0.05,0,0,7464602,1,1
1,80,19.1,515318,1,12752,1,1,6,1602470,7,8570945,10173415,2.2,1.0,2,13363,2,551950,565313,1.43,0.75,5.380790409445763,80,51.0,7464602,1,1545954,3,1
2,80,1.0,515318,1,12752,1,1,6,1602470,7,8570945,10173415,2.2,1.0,6,1602470,7,8570945,10173415,2.2,1.0,5.380790409445763,80,51.0,7464602,1,1545954,3,1
3,80,0.5,515318,1,12752,1,1,6,1602470,7,8570945,10173415,2.2,1.0,1,12752,1,515318,528070,3.6,0.25,5.380790409445763,80,51.0,7464602,1,1545954,3,1
4,80,51.0,7464602,1,1545954,3,1,1,7464602,0,0,7464602,0.9,0.0,6,1602470,4,8532689,10135159,2.2,0.83,0.0,80,0.05,0,0,7464602,1,1
5,80,19.1,515318,1,12752,1,1,6,1602470,4,8532689,10135159,2.2,0.83,2,13363,2,551950,565313,1.43,0.75,5.055940011143685,80,51.0,7464602,1,1545954,3,1
6,80,1.0,515318,1,12752,1,1,6,1602470,4,8532689,10135159,2.2,0.83,6,1602470,4,8532689,10135159,2.2,0.83,5.055940011143685,80,51.0,7464602,1,1545954,3,1
7,80,0.5,515318,1,12752,1,1,6,1602470,4,8532689,10135159,2.2,0.83,1,12752,4,553574,566326,3.6,0.5,5.055940011143685,80,51.0,7464602,1,1545954,3,1
8,80,51.0,7464602,1,1545954,3,1,1,7464602,0,0,7464602,0.9,0.0,5,1589718,6,8055627,9645345,2.2,0.83,0.0,80,0.05,0,0,7464602,1,1
9,80,19.1,515318,1,12752,1,1,5,1589718,6,8055627,9645345,2.2,0.83,2,13363,2,551950,565313,1.43,0.75,22.341461130976676,80,51.0,7464602,1,1545954,3,1
10,80,1.0,515318,1,12752,1,1,5,1589718,6,8055627,9645345,2.2,0.83,2,25504,2,1030636,1056140,3.6,0.5,22.341461130976676,80,51.0,7464602,1,1545954,3,1
11,80,0.5,515318,1,12752,1,1,5,1589718,6,8055627,9645345,2.2,0.83,2,25504,2,1030636,1056140,3.6,0.5,22.341461130976676,80,51.0,7464602,1,1545954,3,1
12,80,51.0,7464602,1,1545954,3,1,1,7464602,0,0,7464602,0.9,0.0,5,1589718,3,8017371,9607089,2.2,0.67,0.0,80,0.05,0,0,7464602,1,1
13,80,19.1,515318,1,12752,1,1,5,1589718,3,8017371,9607089,2.2,0.67,2,13363,2,551950,565313,1.43,0.75,8.10195862352848,80,51.0,7464602,1,1545954,3,1
14,80,1.0,515318,1,12752,1,1,5,1589718,3,8017371,9607089,2.2,0.67,2,25504,5,1068892,1094396,3.6,0.75,8.10195862352848,80,51.0,7464602,1,1545954,3,1
15,80,0.5,515318,1,12752,1,1,5,1589718,3,8017371,9607089,2.2,0.67,2,25504,5,1068892,1094396,3.6,0.75,8.10195862352848,80,51.0,7464602,1,1545954,3,1
16,80,51.0,7464602,1,1545954,3,1,1,7464602,0,0,7464602,0.9,0.0,6,1602470,7,8570945,10173415,2.2,1.0,0.0,80,0.05,0,0,7464602,1,1
17,80,19.1,515318,1,12752,1,1,6,1602470,7,8570945,10173415,2.2,1.0,6,1602470,7,8570945,10173415,2.2,1.0,8.495505923032761,80,51.0,7464602,1,1545954,3,1
18,80,1.0,515318,1,12752,1,1,6,1602470,7,8570945,10173415,2.2,1.0,2,13363,2,551950,565313,1.43,0.75,8.495505923032761,80,51.0,7464602,1,1545954,3,1
19,80,0.5,515318,1,12752,1,1,6,1602470,7,8570945,10173415,2.2,1.0,1,12752,1,515318,528070,3.6,0.25,8.495505923032761,80,51.0,7464602,1,1545954,3,1
20,80,51.0,7464602,1,1545954,3,1,1,7464602,0,0,7464602,0.9,0.0,6,1602470,4,8532689,10135159,2.2,0.83,0.0,80,0.05,0,0,7464602,1,1
21,80,19.1,515318,1,12752,1,1,6,1602470,4,8532689,10135159,2.2,0.83,6,1602470,4,8532689,10135159,2.2,0.83,5.1061952143907545,80,51.0,7464602,1,1545954,3,1
22,80,1.0,515318,1,12752,1,1,6,1602470,4,8532689,10135159,2.2,0.83,2,13363,2,551950,565313,1.43,0.75,5.1061952143907545,80,51.0,7464602,1,1545954,3,1
23,80,0.5,515318,1,12752,1,1,6,1602470,4,8532689,10135159,2.2,0.83,1,12752,4,553574,566326,3.6,0.5,5.1061952143907545,80,51.0,7464602,1,1545954,3,1
24,80,51.0,7464602,1,1545954,3,1,1,7464602,0,0,7464602,0.9,0.0,7,1615222,5,9048007,10663229,2.2,1.0,0.0,80,0.05,0,0,7464602,1,1
25,80,19.1,515318,1,12752,1,1,7,1615222,5,9048007,10663229,2.2,1.0,7,1615222,5,9048007,10663229,2.2,1.0,1.9569667071104049,80,51.0,7464602,1,1545954,3,1
26,80,1.0,515318,1,12752,1,1,7,1615222,5,9048007,10663229,2.2,1.0,7,1615222,5,9048007,10663229,2.2,1.0,1.9569667071104049,80,51.0,7464602,1,1545954,3,1
27,80,0.5,515318,1,12752,1,1,7,1615222,5,9048007,10663229,2.2,1.0,1,12752,4,553574,566326,3.6,0.5,1.9569667071104049,80,51.0,7464602,1,1545954,3,1
28,80,51.0,7464602,1,1545954,3,1,1,7464602,0,0,7464602,0.9,0.0,6,1602470,7,8570945,10173415,2.2,1.0,0.0,80,0.05,0,0,7464602,1,1
29,80,19.1,515318,1,12752,1,1,6,1602470,7,8570945,10173415,2.2,1.0,6,1602470,7,8570945,10173415,2.2,1.0,6.025147217512131,80,51.0,7464602,1,1545954,3,1
30,80,1.0,515318,1,12752,1,1,6,1602470,7,8570945,10173415,2.2,1.0,2,25504,2,1030636,1056140,3.6,0.5,6.025147217512131,80,51.0,7464602,1,1545954,3,1
31,80,0.5,515318,1,12752,1,1,6,1602470,7,8570945,10173415,2.2,1.0,2,25504,2,1030636,1056140,3.6,0.5,6.025147217512131,80,51.0,7464602,1,1545954,3,1
32,80,51.0,7464602,1,1545954,3,1,1,7464602,0,0,7464602,0.9,0.0,6,1602470,4,8532689,10135159,2.2,0.83,0.0,80,0.05,0,0,7464602,1,1
33,80,19.1,515318,1,12752,1,1,6,1602470,4,8532689,10135159,2.2,0.83,6,1602470,4,8532689,10135159,2.2,0.83,1.4131140798330306,80,51.0,7464602,1,1545954,3,1
34,80,1.0,515318,1,12752,1,1,6,1602470,4,8532689,10135159,2.2,0.83,2,25504,5,1068892,1094396,3.6,0.75,1.4131140798330306,80,51.0,7464602,1,1545954,3,1
35,80,0.5,515318,1,12752,1,1,6,1602470,4,8532689,10135159,2.2,0.83,2,25504,5,1068892,1094396,3.6,0.75,1.4131140798330306,80,51.0,7464602,1,1545954,3,1
36,80,51.0,7464602,1,1545954,3,1,1,7464602,0,0,7464602,0.9,0.0,5,1589718,6,8055627,9645345,2.2,0.83,0.0,80,0.05,0,0,7464602,1,1
37,80,19.1,515318,1,12752,1,1,5,1589718,6,8055627,9645345,2.2,0.83,2,25504,2,1030636,1056140,3.6,0.5,1.506008553504944,80,51.0,7464602,1,1545954,3,1
38,80,1.0,515318,1,12752,1,1,5,1589718,6,8055627,9645345,2.2,0.83,2,13363,2,551950,565313,1.43,0.75,1.506008553504944,80,51.0,7464602,1,1545954,3,1
39,80,0.5,515318,1,12752,1,1,5,1589718,6,8055627,9645345,2.2,0.83,2,25504,2,1030636,1056140,3.6,0.5,1.506008553504944,80,51.0,7464602,1,1545954,3,1
40,80,51.0,7464602,1,1545954,3,1,1,7464602,0,0,7464602,0.9,0.0,5,1589718,3,8017371,9607089,2.2,0.67,0.0,80,0.05,0,0,7464602,1,1
41,80,19.1,515318,1,12752,1,1,5,1589718,3,8017371,9607089,2.2,0.67,2,25504,5,1068892,1094396,3.6,0.75,3.527080225944519,80,51.0,7464602,1,1545954,3,1
42,80,1.0,515318,1,12752,1,1,5,1589718,3,8017371,9607089,2.2,0.67,2,13363,2,551950,565313,1.43,0.75,3.527080225944519,80,51.0,7464602,1,1545954,3,1
43,80,0.5,515318,1,12752,1,1,5,1589718,3,8017371,9607089,2.2,0.67,2,25504,5,1068892,1094396,3.6,0.75,3.527080225944519,80,51.0,7464602,1,1545954,3,1
44,80,51.0,7464602,1,1545954,3,1,1,7464602,0,0,7464602,0.9,0.0,6,1602470,7,8570945,10173415,2.2,1.0,0.0,80,0.05,0,0,7464602,1,1
45,80,19.1,515318,1,12752,1,1,6,1602470,7,8570945,10173415,2.2,1.0,2,25504,2,1030636,1056140,3.6,0.5,6.760581684112549,80,51.0,7464602,1,1545954,3,1
46,80,1.0,515318,1,12752,1,1,6,1602470,7,8570945,10173415,2.2,1.0,6,1602470,7,8570945,10173415,2.2,1.0,6.760581684112549,80,51.0,7464602,1,1545954,3,1
47,80,0.5,515318,1,12752,1,1,6,1602470,7,8570945,10173415,2.2,1.0,2,25504,2,1030636,1056140,3.6,0.5,6.760581684112549,80,51.0,7464602,1,1545954,3,1
48,80,51.0,7464602,1,1545954,3,1,1,7464602,0,0,7464602,0.9,0.0,6,1602470,4,8532689,10135159,2.2,0.83,0.0,80,0.05,0,0,7464602,1,1
49,80,19.1,515318,1,12752,1,1,6,1602470,4,8532689,10135159,2.2,0.83,2,25504,5,1068892,1094396,3.6,0.75,3.5422213315963744,80,51.0,7464602,1,1545954,3,1
50,80,1.0,515318,1,12752,1,1,6,1602470,4,8532689,10135159,2.2,0.83,6,1602470,4,8532689,10135159,2.2,0.83,3.5422213315963744,80,51.0,7464602,1,1545954,3,1
51,80,0.5,515318,1,12752,1,1,6,1602470,4,8532689,10135159,2.2,0.83,2,25504,5,1068892,1094396,3.6,0.75,3.5422213315963744,80,51.0,7464602,1,1545954,3,1
52,80,51.0,7464602,1,1545954,3,1,1,7464602,0,0,7464602,0.9,0.0,5,1589718,6,8055627,9645345,2.2,0.83,0.0,80,0.05,0,0,7464602,1,1
53,80,19.1,515318,1,12752,1,1,5,1589718,6,8055627,9645345,2.2,0.83,3,38256,3,1545954,1584210,3.6,0.75,1.795126947760582,80,51.0,7464602,1,1545954,3,1
54,80,1.0,515318,1,12752,1,1,5,1589718,6,8055627,9645345,2.2,0.83,3,38256,3,1545954,1584210,3.6,0.75,1.795126947760582,80,51.0,7464602,1,1545954,3,1
55,80,0.5,515318,1,12752,1,1,5,1589718,6,8055627,9645345,2.2,0.83,3,38256,3,1545954,1584210,3.6,0.75,1.795126947760582,80,51.0,7464602,1,1545954,3,1
56,80,51.0,7464602,1,1545954,3,1,1,7464602,0,0,7464602,0.9,0.0,5,1589718,3,8017371,9607089,2.2,0.67,0.0,80,0.05,0,0,7464602,1,1
57,80,19.1,515318,1,12752,1,1,5,1589718,3,8017371,9607089,2.2,0.67,3,38256,6,1584210,1622466,3.6,1.0,1.4297569245100021,80,51.0,7464602,1,1545954,3,1
58,80,1.0,515318,1,12752,1,1,5,1589718,3,8017371,9607089,2.2,0.67,3,38256,6,1584210,1622466,3.6,1.0,1.4297569245100021,80,51.0,7464602,1,1545954,3,1
59,80,0.5,515318,1,12752,1,1,5,1589718,3,8017371,9607089,2.2,0.67,3,38256,6,1584210,1622466,3.6,1.0,1.4297569245100021,80,51.0,7464602,1,1545954,3,1
60,80,51.0,7464602,1,1545954,3,1,1,7464602,0,0,7464602,0.9,0.0,4,1558706,2,7979920,9538626,3.6,0.5,0.0,80,0.05,0,0,7464602,1,1
61,80,19.1,515318,1,12752,1,1,4,1558706,2,7979920,9538626,3.6,0.5,2,13363,2,551950,565313,1.43,0.75,1.2980263620615005,80,51.0,7464602,1,1545954,3,1
62,80,1.0,515318,1,12752,1,1,4,1558706,2,7979920,9538626,3.6,0.5,3,56516,6,1106343,1162859,2.2,0.83,1.2980263620615005,80,51.0,7464602,1,1545954,3,1
63,80,0.5,515318,1,12752,1,1,4,1558706,2,7979920,9538626,3.6,0.5,4,1558706,2,7979920,9538626,3.6,0.5,1.2980263620615005,80,51.0,7464602,1,1545954,3,1
64,80,51.0,7464602,1,1545954,3,1,1,7464602,0,0,7464602,0.9,0.0,4,1558706,5,8018176,9576882,3.6,0.75,0.0,80,0.05,0,0,7464602,1,1
65,80,19.1,515318,1,12752,1,1,4,1558706,5,8018176,9576882,3.6,0.75,2,13363,2,551950,565313,1.43,0.75,1.311350840330124,80,51.0,7464602,1,1545954,3,1
66,80,1.0,515318,1,12752,1,1,4,1558706,5,8018176,9576882,3.6,0.75,3,56516,3,1068087,1124603,2.2,0.67,1.311350840330124,80,51.0,7464602,1,1545954,3,1
67,80,0.5,515318,1,12752,1,1,4,1558706,5,8018176,9576882,3.6,0.75,4,1558706,5,8018176,9576882,3.6,0.75,1.311350840330124,80,51.0,7464602,1,1545954,3,1
68,80,51.0,7464602,1,1545954,3,1,1,7464602,0,0,7464602,0.9,0.0,5,1571458,3,8495238,10066696,3.6,0.75,0.0,80,0.05,0,0,7464602,1,1
69,80,19.1,515318,1,12752,1,1,5,1571458,3,8495238,10066696,3.6,0.75,2,13363,2,551950,565313,1.43,0.75,1.259924864768982,80,51.0,7464602,1,1545954,3,1
70,80,1.0,515318,1,12752,1,1,5,1571458,3,8495238,10066696,3.6,0.75,5,1571458,3,8495238,10066696,3.6,0.75,1.259924864768982,80,51.0,7464602,1,1545954,3,1
71,80,0.5,515318,1,12752,1,1,5,1571458,3,8495238,10066696,3.6,0.75,5,1571458,3,8495238,10066696,3.6,0.75,1.259924864768982,80,51.0,7464602,1,1545954,3,1
72,80,51.0,7464602,1,1545954,3,1,1,7464602,0,0,7464602,0.9,0.0,5,1571458,6,8533494,10104952,3.6,1.0,0.0,80,0.05,0,0,7464602,1,1
73,80,19.1,515318,1,12752,1,1,5,1571458,6,8533494,10104952,3.6,1.0,2,13363,2,551950,565313,1.43,0.75,1.2808147490024566,80,51.0,7464602,1,1545954,3,1
74,80,1.0,515318,1,12752,1,1,5,1571458,6,8533494,10104952,3.6,1.0,5,1571458,6,8533494,10104952,3.6,1.0,1.2808147490024566,80,51.0,7464602,1,1545954,3,1
75,80,0.5,515318,1,12752,1,1,5,1571458,6,8533494,10104952,3.6,1.0,5,1571458,6,8533494,10104952,3.6,1.0,1.2808147490024566,80,51.0,7464602,1,1545954,3,1
76,80,51.0,7464602,1,1545954,3,1,1,7464602,0,0,7464602,0.9,0.0,4,1558706,2,7979920,9538626,3.6,0.5,0.0,80,0.05,0,0,7464602,1,1
77,80,19.1,515318,1,12752,1,1,4,1558706,2,7979920,9538626,3.6,0.5,3,56516,6,1106343,1162859,2.2,0.83,1.2862496078014374,80,51.0,7464602,1,1545954,3,1
78,80,1.0,515318,1,12752,1,1,4,1558706,2,7979920,9538626,3.6,0.5,2,13363,2,551950,565313,1.43,0.75,1.2862496078014374,80,51.0,7464602,1,1545954,3,1
79,80,0.5,515318,1,12752,1,1,4,1558706,2,7979920,9538626,3.6,0.5,4,1558706,2,7979920,9538626,3.6,0.5,1.2862496078014374,80,51.0,7464602,1,1545954,3,1
80,80,51.0,7464602,1,1545954,3,1,1,7464602,0,0,7464602,0.9,0.0,4,1558706,5,8018176,9576882,3.6,0.75,0.0,80,0.05,0,0,7464602,1,1
81,80,19.1,515318,1,12752,1,1,4,1558706,5,8018176,9576882,3.6,0.75,3,56516,3,1068087,1124603,2.2,0.67,1.2960880160331727,80,51.0,7464602,1,1545954,3,1
82,80,1.0,515318,1,12752,1,1,4,1558706,5,8018176,9576882,3.6,0.75,2,13363,2,551950,565313,1.43,0.75,1.2960880160331727,80,51.0,7464602,1,1545954,3,1
83,80,0.5,515318,1,12752,1,1,4,1558706,5,8018176,9576882,3.6,0.75,4,1558706,5,8018176,9576882,3.6,0.75,1.2960880160331727,80,51.0,7464602,1,1545954,3,1
84,80,51.0,7464602,1,1545954,3,1,1,7464602,0,0,7464602,0.9,0.0,4,1558706,2,7979920,9538626,3.6,0.5,0.0,80,0.05,0,0,7464602,1,1
85,80,19.1,515318,1,12752,1,1,4,1558706,2,7979920,9538626,3.6,0.5,4,69268,7,1621661,1690929,2.2,1.0,1.264041495323181,80,51.0,7464602,1,1545954,3,1
86,80,1.0,515318,1,12752,1,1,4,1558706,2,7979920,9538626,3.6,0.5,4,69268,7,1621661,1690929,2.2,1.0,1.264041495323181,80,51.0,7464602,1,1545954,3,1
87,80,0.5,515318,1,12752,1,1,4,1558706,2,7979920,9538626,3.6,0.5,4,1558706,2,7979920,9538626,3.6,0.5,1.264041495323181,80,51.0,7464602,1,1545954,3,1
88,80,51.0,7464602,1,1545954,3,1,1,7464602,0,0,7464602,0.9,0.0,4,1558706,5,8018176,9576882,3.6,0.75,0.0,80,0.05,0,0,7464602,1,1
89,80,19.1,515318,1,12752,1,1,4,1558706,5,8018176,9576882,3.6,0.75,4,69268,4,1583405,1652673,2.2,0.83,1.334090119600296,80,51.0,7464602,1,1545954,3,1
90,80,1.0,515318,1,12752,1,1,4,1558706,5,8018176,9576882,3.6,0.75,4,69268,4,1583405,1652673,2.2,0.83,1.334090119600296,80,51.0,7464602,1,1545954,3,1
91,80,0.5,515318,1,12752,1,1,4,1558706,5,8018176,9576882,3.6,0.75,4,1558706,5,8018176,9576882,3.6,0.75,1.334090119600296,80,51.0,7464602,1,1545954,3,1
92,80,51.0,7464602,1,1545954,3,1,1,7464602,0,0,7464602,0.9,0.0,5,1571458,3,8495238,10066696,3.6,0.75,0.0,80,0.05,0,0,7464602,1,1
93,80,19.1,515318,1,12752,1,1,5,1571458,3,8495238,10066696,3.6,0.75,3,56516,6,1106343,1162859,2.2,0.83,1.2638743817806244,80,51.0,7464602,1,1545954,3,1
94,80,1.0,515318,1,12752,1,1,5,1571458,3,8495238,10066696,3.6,0.75,5,1571458,3,8495238,10066696,3.6,0.75,1.2638743817806244,80,51.0,7464602,1,1545954,3,1
95,80,0.5,515318,1,12752,1,1,5,1571458,3,8495238,10066696,3.6,0.75,5,1571458,3,8495238,10066696,3.6,0.75,1.2638743817806244,80,51.0,7464602,1,1545954,3,1
96,80,51.0,7464602,1,1545954,3,1,1,7464602,0,0,7464602,0.9,0.0,5,1571458,6,8533494,10104952,3.6,1.0,0.0,80,0.05,0,0,7464602,1,1
97,80,19.1,515318,1,12752,1,1,5,1571458,6,8533494,10104952,3.6,1.0,3,56516,3,1068087,1124603,2.2,0.67,1.3288264513015746,80,51.0,7464602,1,1545954,3,1
98,80,1.0,515318,1,12752,1,1,5,1571458,6,8533494,10104952,3.6,1.0,5,1571458,6,8533494,10104952,3.6,1.0,1.3288264513015746,80,51.0,7464602,1,1545954,3,1
99,80,0.5,515318,1,12752,1,1,5,1571458,6,8533494,10104952,3.6,1.0,5,1571458,6,8533494,10104952,3.6,1.0,1.3288264513015746,80,51.0,7464602,1,1545954,3,1
100,80,51.0,7464602,1,1545954,3,1,1,7464602,0,0,7464602,0.9,0.0,5,1571458,3,8495238,10066696,3.6,0.75,0.0,80,0.05,0,0,7464602,1,1
101,80,19.1,515318,1,12752,1,1,5,1571458,3,8495238,10066696,3.6,0.75,5,1571458,3,8495238,10066696,3.6,0.75,1.265338882803917,80,51.0,7464602,1,1545954,3,1
102,80,1.0,515318,1,12752,1,1,5,1571458,3,8495238,10066696,3.6,0.75,2,13363,2,551950,565313,1.43,0.75,1.265338882803917,80,51.0,7464602,1,1545954,3,1
103,80,0.5,515318,1,12752,1,1,5,1571458,3,8495238,10066696,3.6,0.75,5,1571458,3,8495238,10066696,3.6,0.75,1.265338882803917,80,51.0,7464602,1,1545954,3,1
104,80,51.0,7464602,1,1545954,3,1,1,7464602,0,0,7464602,0.9,0.0,5,1571458,6,8533494,10104952,3.6,1.0,0.0,80,0.05,0,0,7464602,1,1
105,80,19.1,515318,1,12752,1,1,5,1571458,6,8533494,10104952,3.6,1.0,5,1571458,6,8533494,10104952,3.6,1.0,1.3077097833156586,80,51.0,7464602,1,1545954,3,1
106,80,1.0,515318,1,12752,1,1,5,1571458,6,8533494,10104952,3.6,1.0,2,13363,2,551950,565313,1.43,0.75,1.3077097833156586,80,51.0,7464602,1,1545954,3,1
107,80,0.5,515318,1,12752,1,1,5,1571458,6,8533494,10104952,3.6,1.0,5,1571458,6,8533494,10104952,3.6,1.0,1.3077097833156586,80,51.0,7464602,1,1545954,3,1
108,80,51.0,7464602,1,1545954,3,1,1,7464602,0,0,7464602,0.9,0.0,5,1571458,3,8495238,10066696,3.6,0.75,0.0,80,0.05,0,0,7464602,1,1
109,80,19.1,515318,1,12752,1,1,5,1571458,3,8495238,10066696,3.6,0.75,5,1571458,3,8495238,10066696,3.6,0.75,1.2663709968328476,80,51.0,7464602,1,1545954,3,1
110,80,1.0,515318,1,12752,1,1,5,1571458,3,8495238,10066696,3.6,0.75,3,56516,6,1106343,1162859,2.2,0.83,1.2663709968328476,80,51.0,7464602,1,1545954,3,1
111,80,0.5,515318,1,12752,1,1,5,1571458,3,8495238,10066696,3.6,0.75,5,1571458,3,8495238,10066696,3.6,0.75,1.2663709968328476,80,51.0,7464602,1,1545954,3,1
112,80,51.0,7464602,1,1545954,3,1,1,7464602,0,0,7464602,0.9,0.0,5,1571458,6,8533494,10104952,3.6,1.0,0.0,80,0.05,0,0,7464602,1,1
113,80,19.1,515318,1,12752,1,1,5,1571458,6,8533494,10104952,3.6,1.0,5,1571458,6,8533494,10104952,3.6,1.0,1.3007824569940567,80,51.0,7464602,1,1545954,3,1
114,80,1.0,515318,1,12752,1,1,5,1571458,6,8533494,10104952,3.6,1.0,3,56516,3,1068087,1124603,2.2,0.67,1.3007824569940567,80,51.0,7464602,1,1545954,3,1
115,80,0.5,515318,1,12752,1,1,5,1571458,6,8533494,10104952,3.6,1.0,5,1571458,6,8533494,10104952,3.6,1.0,1.3007824569940567,80,51.0,7464602,1,1545954,3,1
116,80,51.0,7464602,1,1545954,3,1,1,7464602,0,0,7464602,0.9,0.0,6,1584210,4,9010556,10594766,3.6,1.0,0.0,80,0.05,0,0,7464602,1,1
117,80,19.1,515318,1,12752,1,1,6,1584210,4,9010556,10594766,3.6,1.0,6,1584210,4,9010556,10594766,3.6,1.0,1.2696949154138566,80,51.0,7464602,1,1545954,3,1
118,80,1.0,515318,1,12752,1,1,6,1584210,4,9010556,10594766,3.6,1.0,6,1584210,4,9010556,10594766,3.6,1.0,1.2696949154138566,80,51.0,7464602,1,1545954,3,1
119,80,0.5,515318,1,12752,1,1,6,1584210,4,9010556,10594766,3.6,1.0,6,1584210,4,9010556,10594766,3.6,1.0,1.2696949154138566,80,51.0,7464602,1,1545954,3,1
0,80,51.0,7464602,1,1545954,3,1,1,7464602,0,0,7464602,0.9,0.0,5,1565838,6,8256056,9821894,2.2,0.75,0.0,80,0.05,0,0,7464602,1,1
1,80,19.1,515318,1,12752,1,1,5,1565838,6,8256056,9821894,2.2,0.75,5,1565838,6,8256056,9821894,2.2,0.75,2.0189521431922914,80,51.0,7464602,1,1545954,3,1
2,80,1.0,515318,1,12752,1,1,5,1565838,6,8256056,9821894,2.2,0.75,3,62136,3,1345525,1407661,3.6,0.88,2.0189521431922914,80,51.0,7464602,1,1545954,3,1
3,80,0.5,515318,1,12752,1,1,5,1565838,6,8256056,9821894,2.2,0.75,3,62136,3,1345525,1407661,3.6,0.88,2.0189521431922914,80,51.0,7464602,1,1545954,3,1
4,80,51.0,7464602,1,1545954,3,1,1,7464602,0,0,7464602,0.9,0.0,5,1595338,3,8294809,9890147,3.6,0.88,0.0,80,0.05,0,0,7464602,1,1
5,80,19.1,515318,1,12752,1,1,5,1595338,3,8294809,9890147,3.6,0.88,3,32636,6,1306772,1339408,2.2,0.75,24.142828691005707,80,51.0,7464602,1,1545954,3,1
6,80,1.0,515318,1,12752,1,1,5,1595338,3,8294809,9890147,3.6,0.88,3,32636,6,1306772,1339408,2.2,0.75,24.142828691005707,80,51.0,7464602,1,1545954,3,1
7,80,0.5,515318,1,12752,1,1,5,1595338,3,8294809,9890147,3.6,0.88,5,1595338,3,8294809,9890147,3.6,0.88,24.142828691005707,80,51.0,7464602,1,1545954,3,1
0,80,51.0,7464602,1,1545954,3,1,1,7464602,0,0,7464602,0.9,0.0,6,1566101,7,8263188,9829289,2.2,1.0,0.0,80,0.05,0,0,7464602,1,1
1,80,19.1,515318,1,12752,1,1,6,1566101,7,8263188,9829289,2.2,1.0,2,13363,2,551950,565313,1.43,0.75,15.034750673174859,80,51.0,7464602,1,1545954,3,1
2,80,1.0,515318,1,12752,1,1,6,1566101,7,8263188,9829289,2.2,1.0,6,1566101,7,8263188,9829289,2.2,1.0,15.034750673174859,80,51.0,7464602,1,1545954,3,1
3,80,0.5,515318,1,12752,1,1,6,1566101,7,8263188,9829289,2.2,1.0,2,49384,2,830207,879591,3.6,0.62,15.034750673174859,80,51.0,7464602,1,1545954,3,1
4,80,51.0,7464602,1,1545954,3,1,1,7464602,0,0,7464602,0.9,0.0,6,1566101,4,8224932,9791033,2.2,0.83,0.0,80,0.05,0,0,7464602,1,1
5,80,19.1,515318,1,12752,1,1,6,1566101,4,8224932,9791033,2.2,0.83,2,13363,2,551950,565313,1.43,0.75,12.014525061845779,80,51.0,7464602,1,1545954,3,1
6,80,1.0,515318,1,12752,1,1,6,1566101,4,8224932,9791033,2.2,0.83,6,1566101,4,8224932,9791033,2.2,0.83,12.014525061845779,80,51.0,7464602,1,1545954,3,1
7,80,0.5,515318,1,12752,1,1,6,1566101,4,8224932,9791033,2.2,0.83,2,49384,5,868463,917847,3.6,0.88,12.014525061845779,80,51.0,7464602,1,1545954,3,1
8,80,51.0,7464602,1,1545954,3,1,1,7464602,0,0,7464602,0.9,0.0,5,1553349,6,7747870,9301219,2.2,0.83,0.0,80,0.05,0,0,7464602,1,1
9,80,19.1,515318,1,12752,1,1,5,1553349,6,7747870,9301219,2.2,0.83,2,13363,2,551950,565313,1.43,0.75,33.44512161314488,80,51.0,7464602,1,1545954,3,1
10,80,1.0,515318,1,12752,1,1,5,1553349,6,7747870,9301219,2.2,0.83,3,62136,3,1345525,1407661,3.6,0.88,33.44512161314488,80,51.0,7464602,1,1545954,3,1
11,80,0.5,515318,1,12752,1,1,5,1553349,6,7747870,9301219,2.2,0.83,3,62136,3,1345525,1407661,3.6,0.88,33.44512161314488,80,51.0,7464602,1,1545954,3,1
12,80,51.0,7464602,1,1545954,3,1,1,7464602,0,0,7464602,0.9,0.0,6,1566101,7,8263188,9829289,2.2,1.0,0.0,80,0.05,0,0,7464602,1,1
13,80,19.1,515318,1,12752,1,1,6,1566101,7,8263188,9829289,2.2,1.0,6,1566101,7,8263188,9829289,2.2,1.0,16.293301925063133,80,51.0,7464602,1,1545954,3,1
14,80,1.0,515318,1,12752,1,1,6,1566101,7,8263188,9829289,2.2,1.0,2,13363,2,551950,565313,1.43,0.75,16.293301925063133,80,51.0,7464602,1,1545954,3,1
15,80,0.5,515318,1,12752,1,1,6,1566101,7,8263188,9829289,2.2,1.0,2,49384,2,830207,879591,3.6,0.62,16.293301925063133,80,51.0,7464602,1,1545954,3,1
16,80,51.0,7464602,1,1545954,3,1,1,7464602,0,0,7464602,0.9,0.0,6,1566101,4,8224932,9791033,2.2,0.83,0.0,80,0.05,0,0,7464602,1,1
17,80,19.1,515318,1,12752,1,1,6,1566101,4,8224932,9791033,2.2,0.83,6,1566101,4,8224932,9791033,2.2,0.83,14.14163202047348,80,51.0,7464602,1,1545954,3,1
18,80,1.0,515318,1,12752,1,1,6,1566101,4,8224932,9791033,2.2,0.83,2,13363,2,551950,565313,1.43,0.75,14.14163202047348,80,51.0,7464602,1,1545954,3,1
19,80,0.5,515318,1,12752,1,1,6,1566101,4,8224932,9791033,2.2,0.83,2,49384,5,868463,917847,3.6,0.88,14.14163202047348,80,51.0,7464602,1,1545954,3,1
0,80,51.0,237880,1,7132,1,1,2,552769,0,0,552769,0.9,0.0,2,7743,2,274512,282255,1.43,1.0,0.0,80,0.5,0,0,552769,2,1
1,80,19.1,314889,1,36632,1,1,2,552769,0,0,552769,0.9,0.0,6,1595601,7,8340197,9935798,2.2,1.0,0.0,80,0.5,0,0,552769,2,1
2,80,1.0,7132,1,263,1,1,2,7743,2,274512,282255,1.43,1.0,6,1595601,7,8340197,9935798,2.2,1.0,6.69644980430603,80,51.0,1,1,7132,1,1
3,80,0.5,36632,1,611,1,1,6,1595601,7,8340197,9935798,2.2,1.0,2,7743,2,274512,282255,1.43,1.0,45.02166191339493,80,19.1,314889,1,36632,1,1
4,80,51.0,237880,1,7132,1,1,2,552769,0,0,552769,0.9,0.0,2,7743,2,274512,282255,1.43,1.0,0.0,80,0.5,0,0,552769,2,1
5,80,19.1,314889,1,36632,1,1,2,552769,0,0,552769,0.9,0.0,6,1595601,7,8340197,9935798,2.2,1.0,0.0,80,0.5,0,0,552769,2,1
6,80,1.0,7132,1,263,1,1,2,7743,2,274512,282255,1.43,1.0,6,1595601,7,8340197,9935798,2.2,1.0,6.663795238733291,80,51.0,1,1,7132,1,1
7,80,0.5,36632,1,611,1,1,6,1595601,7,8340197,9935798,2.2,1.0,2,7743,2,274512,282255,1.43,1.0,44.25802912712097,80,19.1,314889,1,36632,1,1
8,80,51.0,237880,1,7132,1,1,2,552769,0,0,552769,0.9,0.0,2,7743,2,274512,282255,1.43,1.0,0.0,80,0.5,0,0,552769,2,1
9,80,19.1,314889,1,36632,1,1,2,552769,0,0,552769,0.9,0.0,5,1582849,3,7786623,9369472,2.2,0.67,0.0,80,0.5,0,0,552769,2,1
10,80,1.0,7132,1,263,1,1,2,7743,2,274512,282255,1.43,1.0,5,1582849,3,7786623,9369472,2.2,0.67,6.559142687916756,80,51.0,1,1,7132,1,1
11,80,0.5,36632,1,611,1,1,5,1582849,3,7786623,9369472,2.2,0.67,2,7743,2,274512,282255,1.43,1.0,36.5852644354105,80,19.1,314889,1,36632,1,1
12,80,51.0,237880,1,7132,1,1,2,552769,0,0,552769,0.9,0.0,2,7743,2,274512,282255,1.43,1.0,0.0,80,0.5,0,0,552769,2,1
13,80,19.1,314889,1,36632,1,1,2,552769,0,0,552769,0.9,0.0,4,62399,7,1390913,1453312,2.2,1.0,0.0,80,0.5,0,0,552769,2,1
14,80,1.0,7132,1,263,1,1,2,7743,2,274512,282255,1.43,1.0,4,62399,7,1390913,1453312,2.2,1.0,6.373151773214341,80,51.0,1,1,7132,1,1
15,80,0.5,36632,1,611,1,1,4,62399,7,1390913,1453312,2.2,1.0,2,7743,2,274512,282255,1.43,1.0,28.511663582921027,80,19.1,314889,1,36632,1,1
16,80,51.0,237880,1,7132,1,1,2,552769,0,0,552769,0.9,0.0,2,7743,2,274512,282255,1.43,1.0,0.0,80,0.5,0,0,552769,2,1
17,80,19.1,314889,1,36632,1,1,2,552769,0,0,552769,0.9,0.0,4,62399,4,1352657,1415056,2.2,0.83,0.0,80,0.5,0,0,552769,2,1
18,80,1.0,7132,1,263,1,1,2,7743,2,274512,282255,1.43,1.0,4,62399,4,1352657,1415056,2.2,0.83,5.245154920220375,80,51.0,1,1,7132,1,1
19,80,0.5,36632,1,611,1,1,4,62399,4,1352657,1415056,2.2,0.83,2,7743,2,274512,282255,1.43,1.0,31.79724995791912,80,19.1,314889,1,36632,1,1
20,80,51.0,237880,1,7132,1,1,2,552769,0,0,552769,0.9,0.0,2,7743,2,274512,282255,1.43,1.0,0.0,80,0.5,0,0,552769,2,1
21,80,19.1,314889,1,36632,1,1,2,552769,0,0,552769,0.9,0.0,2,36895,5,360277,397172,2.2,0.67,0.0,80,0.5,0,0,552769,2,1
22,80,1.0,7132,1,263,1,1,2,7743,2,274512,282255,1.43,1.0,2,36895,5,360277,397172,2.2,0.67,5.60024473965168,80,51.0,1,1,7132,1,1
23,80,0.5,36632,1,611,1,1,2,36895,5,360277,397172,2.2,0.67,2,7743,2,274512,282255,1.43,1.0,25.62607287466526,80,19.1,314889,1,36632,1,1
0,80,51.0,237880,1,7132,1,1,2,552769,0,0,552769,0.9,0.0,2,7743,2,274512,282255,1.43,1.0,0.0,80,0.5,0,0,552769,2,1
1,80,19.1,314889,1,36632,1,1,2,552769,0,0,552769,0.9,0.0,5,1595338,6,8333065,9928403,2.2,0.75,0.0,80,0.5,0,0,552769,2,1
2,80,1.0,7132,1,263,1,1,2,7743,2,274512,282255,1.43,1.0,3,25767,3,1037768,1063535,3.6,0.88,5.5745027512311935,80,51.0,1,1,7132,1,1
3,80,0.5,36632,1,611,1,1,5,1595338,6,8333065,9928403,2.2,0.75,2,7743,2,274512,282255,1.43,1.0,32.106093338131906,80,19.1,314889,1,36632,1,1
4,80,51.0,237880,1,7132,1,1,2,552769,0,0,552769,0.9,0.0,2,7743,2,274512,282255,1.43,1.0,0.0,80,0.5,0,0,552769,2,1
5,80,19.1,314889,1,36632,1,1,2,552769,0,0,552769,0.9,0.0,3,62136,6,1383781,1445917,2.2,0.75,0.0,80,0.5,0,0,552769,2,1
6,80,1.0,7132,1,263,1,1,2,7743,2,274512,282255,1.43,1.0,5,1558969,3,7987052,9546021,3.6,0.88,6.616314178705215,80,51.0,1,1,7132,1,1
7,80,0.5,36632,1,611,1,1,3,62136,6,1383781,1445917,2.2,0.75,2,7743,2,274512,282255,1.43,1.0,27.176039612293245,80,19.1,314889,1,36632,1,1
0,80,51.0,237880,1,7132,1,1,2,552769,0,0,552769,0.9,0.0,2,7743,2,274512,282255,1.43,1.0,0.0,80,0.5,0,0,552769,2,1
1,80,19.1,314889,1,36632,1,1,2,552769,0,0,552769,0.9,0.0,5,1595338,6,8333065,9928403,2.2,0.75,0.0,80,0.5,0,0,552769,2,1
2,80,1.0,7132,1,263,1,1,2,7743,2,274512,282255,1.43,1.0,1,263,3,8006,8269,2.5,0.21,70.70479984283448,80,51.0,1,1,7132,1,1
3,80,0.5,36632,1,611,1,1,5,1595338,6,8333065,9928403,2.2,0.75,2,7743,2,274512,282255,1.43,1.0,32.356658074259755,80,19.1,314889,1,36632,1,1
4,80,51.0,237880,1,7132,1,1,2,552769,0,0,552769,0.9,0.0,2,7743,2,274512,282255,1.43,1.0,0.0,80,0.5,0,0,552769,2,1
5,80,19.1,314889,1,36632,1,1,2,552769,0,0,552769,0.9,0.0,5,1595338,3,8294809,9890147,2.2,0.58,0.0,80,0.5,0,0,552769,2,1
6,80,1.0,7132,1,263,1,1,2,7743,2,274512,282255,1.43,1.0,1,263,3,8006,8269,2.5,0.21,7.350062975287438,80,51.0,1,1,7132,1,1
7,80,0.5,36632,1,611,1,1,5,1595338,3,8294809,9890147,2.2,0.58,2,7743,2,274512,282255,1.43,1.0,27.987348806858062,80,19.1,314889,1,36632,1,1
8,80,51.0,237880,1,7132,1,1,2,552769,0,0,552769,0.9,0.0,2,7743,2,274512,282255,1.43,1.0,0.0,80,0.5,0,0,552769,2,1
9,80,19.1,314889,1,36632,1,1,2,552769,0,0,552769,0.9,0.0,4,1582586,5,7817747,9400333,2.2,0.58,0.0,80,0.5,0,0,552769,2,1
10,80,1.0,7132,1,263,1,1,2,7743,2,274512,282255,1.43,1.0,1,263,3,8006,8269,2.5,0.21,43.06990008056164,80,51.0,1,1,7132,1,1
11,80,0.5,36632,1,611,1,1,4,1582586,5,7817747,9400333,2.2,0.58,2,7743,2,274512,282255,1.43,1.0,31.25667552649975,80,19.1,314889,1,36632,1,1
12,80,51.0,237880,1,7132,1,1,2,552769,0,0,552769,0.9,0.0,2,7743,2,274512,282255,1.43,1.0,0.0,80,0.5,0,0,552769,2,1
13,80,19.1,314889,1,36632,1,1,2,552769,0,0,552769,0.9,0.0,2,49384,5,868463,917847,2.2,0.58,0.0,80,0.5,0,0,552769,2,1
14,80,1.0,7132,1,263,1,1,2,7743,2,274512,282255,1.43,1.0,1,263,3,8006,8269,2.5,0.21,7.7489951848983765,80,51.0,1,1,7132,1,1
15,80,0.5,36632,1,611,1,1,2,49384,5,868463,917847,2.2,0.58,2,7743,2,274512,282255,1.43,1.0,24.653070375323296,80,19.1,314889,1,36632,1,1
0,80,51.0,237880,1,7132,1,1,2,552769,0,0,552769,0.9,0.0,2,7743,2,274512,282255,1.43,1.0,0.0,80,0.5,0,0,552769,2,1
1,80,19.1,314889,1,36632,1,1,2,552769,0,0,552769,0.9,0.0,3,62136,3,1345525,1407661,3.6,0.88,0.0,80,0.5,0,0,552769,2,1
2,80,1.0,7132,1,263,1,1,2,7743,2,274512,282255,1.43,1.0,5,1558969,6,8025308,9584277,2.2,0.75,6.489302411675453,80,51.0,1,1,7132,1,1
3,80,0.5,36632,1,611,1,1,3,62136,3,1345525,1407661,3.6,0.88,2,7743,2,274512,282255,1.43,1.0,16.809644612669945,80,19.1,314889,1,36632,1,1
0,80,51.0,237880,1,7132,1,1,2,552769,0,0,552769,0.9,0.0,5,1589718,6,8055627,9645345,2.2,0.83,0.0,80,0.5,0,0,552769,2,1
1,80,19.1,314889,1,36632,1,1,2,552769,0,0,552769,0.9,0.0,5,1589718,6,8055627,9645345,2.2,0.83,0.0,80,0.5,0,0,552769,2,1
2,80,1.0,7132,1,263,1,1,5,1589718,6,8055627,9645345,2.2,0.83,2,874,2,43764,44638,1.43,1.0,0.3551572233438492,80,51.0,1,1,7132,1,1
3,80,0.5,36632,1,611,1,1,5,1589718,6,8055627,9645345,2.2,0.83,2,874,2,43764,44638,1.43,1.0,34.32492361068726,80,19.1,314889,1,36632,1,1
4,80,51.0,237880,1,7132,1,1,2,552769,0,0,552769,0.9,0.0,5,1589718,3,8017371,9607089,2.2,0.67,0.0,80,0.5,0,0,552769,2,1
5,80,19.1,314889,1,36632,1,1,2,552769,0,0,552769,0.9,0.0,5,1589718,3,8017371,9607089,2.2,0.67,0.0,80,0.5,0,0,552769,2,1
6,80,1.0,7132,1,263,1,1,5,1589718,3,8017371,9607089,2.2,0.67,2,874,2,43764,44638,1.43,1.0,0.3091076612472534,80,51.0,1,1,7132,1,1
7,80,0.5,36632,1,611,1,1,5,1589718,3,8017371,9607089,2.2,0.67,2,874,2,43764,44638,1.43,1.0,30.621102771162988,80,19.1,314889,1,36632,1,1
8,80,51.0,237880,1,7132,1,1,2,552769,0,0,552769,0.9,0.0,4,69268,7,1621661,1690929,2.2,1.0,0.0,80,0.5,0,0,552769,2,1
9,80,19.1,314889,1,36632,1,1,2,552769,0,0,552769,0.9,0.0,4,69268,7,1621661,1690929,2.2,1.0,0.0,80,0.5,0,0,552769,2,1
10,80,1.0,7132,1,263,1,1,4,69268,7,1621661,1690929,2.2,1.0,2,874,2,43764,44638,1.43,1.0,0.24856526553630828,80,51.0,1,1,7132,1,1
11,80,0.5,36632,1,611,1,1,4,69268,7,1621661,1690929,2.2,1.0,2,874,2,43764,44638,1.43,1.0,31.774393555521964,80,19.1,314889,1,36632,1,1
12,80,51.0,237880,1,7132,1,1,2,552769,0,0,552769,0.9,0.0,4,69268,4,1583405,1652673,2.2,0.83,0.0,80,0.5,0,0,552769,2,1
13,80,19.1,314889,1,36632,1,1,2,552769,0,0,552769,0.9,0.0,4,69268,4,1583405,1652673,2.2,0.83,0.0,80,0.5,0,0,552769,2,1
14,80,1.0,7132,1,263,1,1,4,69268,4,1583405,1652673,2.2,0.83,2,874,2,43764,44638,1.43,1.0,0.26124372482299807,80,51.0,1,1,7132,1,1
15,80,0.5,36632,1,611,1,1,4,69268,4,1583405,1652673,2.2,0.83,2,874,2,43764,44638,1.43,1.0,26.384717285633087,80,19.1,314889,1,36632,1,1
16,80,51.0,237880,1,7132,1,1,2,552769,0,0,552769,0.9,0.0,3,56516,3,1068087,1124603,2.2,0.67,0.0,80,0.5,0,0,552769,2,1
17,80,19.1,314889,1,36632,1,1,2,552769,0,0,552769,0.9,0.0,3,56516,3,1068087,1124603,2.2,0.67,0.0,80,0.5,0,0,552769,2,1
18,80,1.0,7132,1,263,1,1,3,56516,3,1068087,1124603,2.2,0.67,2,874,2,43764,44638,1.43,1.0,0.2478319376707077,80,51.0,1,1,7132,1,1
19,80,0.5,36632,1,611,1,1,3,56516,3,1068087,1124603,2.2,0.67,2,874,2,43764,44638,1.43,1.0,25.506002160906792,80,19.1,314889,1,36632,1,1
20,80,51.0,237880,1,7132,1,1,2,552769,0,0,552769,0.9,0.0,3,56516,6,1106343,1162859,2.2,0.83,0.0,80,0.5,0,0,552769,2,1
21,80,19.1,314889,1,36632,1,1,2,552769,0,0,552769,0.9,0.0,3,56516,6,1106343,1162859,2.2,0.83,0.0,80,0.5,0,0,552769,2,1
22,80,1.0,7132,1,263,1,1,3,56516,6,1106343,1162859,2.2,0.83,2,874,2,43764,44638,1.43,1.0,0.25114084482192994,80,51.0,1,1,7132,1,1
23,80,0.5,36632,1,611,1,1,3,56516,6,1106343,1162859,2.2,0.83,2,874,2,43764,44638,1.43,1.0,29.440746769309044,80,19.1,314889,1,36632,1,1
0,80,51.0,237880,1,7132,1,1,2,552769,0,0,552769,0.9,0.0,6,1589981,4,8024503,9614484,2.2,0.92,0.0,80,0.5,0,0,552769,2,1
1,80,19.1,314889,1,36632,1,1,2,552769,0,0,552769,0.9,0.0,6,1589981,4,8024503,9614484,2.2,0.92,0.0,80,0.5,0,0,552769,2,1
2,80,1.0,7132,1,263,1,1,6,1589981,4,8024503,9614484,2.2,0.92,6,1589981,4,8024503,9614484,2.2,0.92,0.3453696697950363,80,51.0,1,1,7132,1,1
3,80,0.5,36632,1,611,1,1,6,1589981,4,8024503,9614484,2.2,0.92,2,13363,2,551950,565313,1.43,0.75,44.02954779565334,80,19.1,314889,1,36632,1,1
4,80,51.0,237880,1,7132,1,1,2,552769,0,0,552769,0.9,0.0,6,1589981,4,8024503,9614484,2.2,0.92,0.0,80,0.5,0,0,552769,2,1
5,80,19.1,314889,1,36632,1,1,2,552769,0,0,552769,0.9,0.0,6,1589981,4,8024503,9614484,2.2,0.92,0.0,80,0.5,0,0,552769,2,1
6,80,1.0,7132,1,263,1,1,6,1589981,4,8024503,9614484,2.2,0.92,6,1589981,4,8024503,9614484,2.2,0.92,0.3016645759344101,80,51.0,1,1,7132,1,1
7,80,0.5,36632,1,611,1,1,6,1589981,4,8024503,9614484,2.2,0.92,2,13363,2,551950,565313,1.43,0.75,38.975656726956366,80,19.1,314889,1,36632,1,1
8,80,51.0,237880,1,7132,1,1,2,552769,0,0,552769,0.9,0.0,6,1589981,4,8024503,9614484,2.2,0.92,0.0,80,0.5,0,0,552769,2,1
9,80,19.1,314889,1,36632,1,1,2,552769,0,0,552769,0.9,0.0,6,1589981,4,8024503,9614484,2.2,0.92,0.0,80,0.5,0,0,552769,2,1
10,80,1.0,7132,1,263,1,1,6,1589981,4,8024503,9614484,2.2,0.92,6,1589981,4,8024503,9614484,2.2,0.92,0.2882486879825592,80,51.0,1,1,7132,1,1
11,80,0.5,36632,1,611,1,1,6,1589981,4,8024503,9614484,2.2,0.92,1,611,1,36632,37243,1.43,0.25,41.20116547644138,80,19.1,314889,1,36632,1,1
12,80,51.0,237880,1,7132,1,1,2,552769,0,0,552769,0.9,0.0,4,56779,4,1075219,1131998,2.2,0.92,0.0,80,0.5,0,0,552769,2,1
13,80,19.1,314889,1,36632,1,1,2,552769,0,0,552769,0.9,0.0,4,56779,4,1075219,1131998,2.2,0.92,0.0,80,0.5,0,0,552769,2,1
14,80,1.0,7132,1,263,1,1,4,56779,4,1075219,1131998,2.2,0.92,4,56779,4,1075219,1131998,2.2,0.92,0.2714188635349274,80,51.0,1,1,7132,1,1
15,80,0.5,36632,1,611,1,1,4,56779,4,1075219,1131998,2.2,0.92,2,13363,2,551950,565313,1.43,0.75,29.36788952052593,80,19.1,314889,1,36632,1,1
16,80,51.0,237880,1,7132,1,1,2,552769,0,0,552769,0.9,0.0,3,44027,6,598157,642184,2.2,0.92,0.0,80,0.5,0,0,552769,2,1
17,80,19.1,314889,1,36632,1,1,2,552769,0,0,552769,0.9,0.0,3,44027,6,598157,642184,2.2,0.92,0.0,80,0.5,0,0,552769,2,1
18,80,1.0,7132,1,263,1,1,3,44027,6,598157,642184,2.2,0.92,3,44027,6,598157,642184,2.2,0.92,0.25287294387817383,80,51.0,1,1,7132,1,1
19,80,0.5,36632,1,611,1,1,3,44027,6,598157,642184,2.2,0.92,2,13363,2,551950,565313,1.43,0.75,29.873100376129152,80,19.1,314889,1,36632,1,1
20,80,51.0,237880,1,7132,1,1,2,552769,0,0,552769,0.9,0.0,3,44027,3,559901,603928,2.2,0.75,0.0,80,0.5,0,0,552769,2,1
21,80,19.1,314889,1,36632,1,1,2,552769,0,0,552769,0.9,0.0,3,44027,3,559901,603928,2.2,0.75,0.0,80,0.5,0,0,552769,2,1
22,80,1.0,7132,1,263,1,1,3,44027,3,559901,603928,2.2,0.75,3,44027,3,559901,603928,2.2,0.75,0.22142967879772185,80,51.0,1,1,7132,1,1
23,80,0.5,36632,1,611,1,1,3,44027,3,559901,603928,2.2,0.75,2,13363,2,551950,565313,1.43,0.75,25.35217689871788,80,19.1,314889,1,36632,1,1
24,80,51.0,237880,1,7132,1,1,2,552769,0,0,552769,0.9,0.0,4,56779,4,1075219,1131998,2.2,0.92,0.0,80,0.5,0,0,552769,2,1
25,80,19.1,314889,1,36632,1,1,2,552769,0,0,552769,0.9,0.0,4,56779,4,1075219,1131998,2.2,0.92,0.0,80,0.5,0,0,552769,2,1
26,80,1.0,7132,1,263,1,1,4,56779,4,1075219,1131998,2.2,0.92,4,56779,4,1075219,1131998,2.2,0.92,0.2956793993711472,80,51.0,1,1,7132,1,1
27,80,0.5,36632,1,611,1,1,4,56779,4,1075219,1131998,2.2,0.92,2,13363,2,551950,565313,1.43,0.75,32.96526452600956,80,19.1,314889,1,36632,1,1
28,80,51.0,237880,1,7132,1,1,2,552769,0,0,552769,0.9,0.0,4,56779,4,1075219,1131998,2.2,0.92,0.0,80,0.5,0,0,552769,2,1
29,80,19.1,314889,1,36632,1,1,2,552769,0,0,552769,0.9,0.0,4,56779,4,1075219,1131998,2.2,0.92,0.0,80,0.5,0,0,552769,2,1
30,80,1.0,7132,1,263,1,1,4,56779,4,1075219,1131998,2.2,0.92,4,56779,4,1075219,1131998,2.2,0.92,0.2965152710676193,80,51.0,1,1,7132,1,1
31,80,0.5,36632,1,611,1,1,4,56779,4,1075219,1131998,2.2,0.92,1,611,1,36632,37243,1.43,0.25,33.21390239596367,80,19.1,314889,1,36632,1,1
32,80,51.0,237880,1,7132,1,1,2,552769,0,0,552769,0.9,0.0,3,44027,6,598157,642184,2.2,0.92,0.0,80,0.5,0,0,552769,2,1
33,80,19.1,314889,1,36632,1,1,2,552769,0,0,552769,0.9,0.0,3,44027,6,598157,642184,2.2,0.92,0.0,80,0.5,0,0,552769,2,1
34,80,1.0,7132,1,263,1,1,3,44027,6,598157,642184,2.2,0.92,3,44027,6,598157,642184,2.2,0.92,0.25301829874515536,80,51.0,1,1,7132,1,1
35,80,0.5,36632,1,611,1,1,3,44027,6,598157,642184,2.2,0.92,2,13363,2,551950,565313,1.43,0.75,29.059277179837228,80,19.1,314889,1,36632,1,1
36,80,51.0,237880,1,7132,1,1,2,552769,0,0,552769,0.9,0.0,3,44027,3,559901,603928,2.2,0.75,0.0,80,0.5,0,0,552769,2,1
37,80,19.1,314889,1,36632,1,1,2,552769,0,0,552769,0.9,0.0,3,44027,3,559901,603928,2.2,0.75,0.0,80,0.5,0,0,552769,2,1
38,80,1.0,7132,1,263,1,1,3,44027,3,559901,603928,2.2,0.75,3,44027,3,559901,603928,2.2,0.75,0.2309320956468582,80,51.0,1,1,7132,1,1
39,80,0.5,36632,1,611,1,1,3,44027,3,559901,603928,2.2,0.75,2,13363,2,551950,565313,1.43,0.75,25.09330105483532,80,19.1,314889,1,36632,1,1
40,80,51.0,237880,1,7132,1,1,2,552769,0,0,552769,0.9,0.0,4,56779,4,1075219,1131998,2.2,0.92,0.0,80,0.5,0,0,552769,2,1
41,80,19.1,314889,1,36632,1,1,2,552769,0,0,552769,0.9,0.0,4,56779,4,1075219,1131998,2.2,0.92,0.0,80,0.5,0,0,552769,2,1
42,80,1.0,7132,1,263,1,1,4,56779,4,1075219,1131998,2.2,0.92,4,56779,4,1075219,1131998,2.2,0.92,0.27039303481578825,80,51.0,1,1,7132,1,1
43,80,0.5,36632,1,611,1,1,4,56779,4,1075219,1131998,2.2,0.92,1,611,1,36632,37243,1.43,0.25,32.18211726546288,80,19.1,314889,1,36632,1,1
0,80,51.0,237880,1,7132,1,1,2,552769,0,0,552769,0.9,0.0,5,1589718,6,8055627,9645345,2.2,0.83,0.0,80,0.5,0,0,552769,2,1
1,80,19.1,314889,1,36632,1,1,2,552769,0,0,552769,0.9,0.0,5,1589718,6,8055627,9645345,2.2,0.83,0.0,80,0.5,0,0,552769,2,1
2,80,1.0,7132,1,263,1,1,5,1589718,6,8055627,9645345,2.2,0.83,3,25767,3,1037768,1063535,3.6,0.88,0.32708853781223296,80,51.0,1,1,7132,1,1
3,80,0.5,36632,1,611,1,1,5,1589718,6,8055627,9645345,2.2,0.83,2,13363,2,551950,565313,1.43,0.75,33.077579632401466,80,19.1,314889,1,36632,1,1
4,80,51.0,237880,1,7132,1,1,2,552769,0,0,552769,0.9,0.0,5,1589718,6,8055627,9645345,2.2,0.83,0.0,80,0.5,0,0,552769,2,1
5,80,19.1,314889,1,36632,1,1,2,552769,0,0,552769,0.9,0.0,5,1589718,6,8055627,9645345,2.2,0.83,0.0,80,0.5,0,0,552769,2,1
6,80,1.0,7132,1,263,1,1,5,1589718,6,8055627,9645345,2.2,0.83,3,25767,3,1037768,1063535,3.6,0.88,0.34414378106594085,80,51.0,1,1,7132,1,1
7,80,0.5,36632,1,611,1,1,5,1589718,6,8055627,9645345,2.2,0.83,2,13363,2,551950,565313,1.43,0.75,32.46443858146667,80,19.1,314889,1,36632,1,1
8,80,51.0,237880,1,7132,1,1,2,552769,0,0,552769,0.9,0.0,3,56516,6,1106343,1162859,2.2,0.83,0.0,80,0.5,0,0,552769,2,1
9,80,19.1,314889,1,36632,1,1,2,552769,0,0,552769,0.9,0.0,3,56516,6,1106343,1162859,2.2,0.83,0.0,80,0.5,0,0,552769,2,1
10,80,1.0,7132,1,263,1,1,3,56516,6,1106343,1162859,2.2,0.83,5,1558969,3,7987052,9546021,3.6,0.88,0.2442510724067688,80,51.0,1,1,7132,1,1
11,80,0.5,36632,1,611,1,1,3,56516,6,1106343,1162859,2.2,0.83,2,13363,2,551950,565313,1.43,0.75,25.779900085926055,80,19.1,314889,1,36632,1,1
0,80,51.0,237880,1,7132,1,1,2,552769,0,0,552769,0.9,0.0,6,1602470,7,8570945,10173415,2.2,1.0,0.0,80,0.5,0,0,552769,2,1
1,80,19.1,314889,1,36632,1,1,2,552769,0,0,552769,0.9,0.0,6,1602470,7,8570945,10173415,2.2,1.0,0.0,80,0.5,0,0,552769,2,1
2,80,1.0,7132,1,263,1,1,6,1602470,7,8570945,10173415,2.2,1.0,1,263,3,8006,8269,2.5,0.21,0.2937201887369156,80,51.0,1,1,7132,1,1
3,80,0.5,36632,1,611,1,1,6,1602470,7,8570945,10173415,2.2,1.0,2,13363,2,551950,565313,1.43,0.75,30.297585517168045,80,19.1,314889,1,36632,1,1
4,80,51.0,237880,1,7132,1,1,2,552769,0,0,552769,0.9,0.0,6,1602470,4,8532689,10135159,2.2,0.83,0.0,80,0.5,0,0,552769,2,1
5,80,19.1,314889,1,36632,1,1,2,552769,0,0,552769,0.9,0.0,6,1602470,4,8532689,10135159,2.2,0.83,0.0,80,0.5,0,0,552769,2,1
6,80,1.0,7132,1,263,1,1,6,1602470,4,8532689,10135159,2.2,0.83,1,263,3,8006,8269,2.5,0.21,0.3366430789232254,80,51.0,1,1,7132,1,1
7,80,0.5,36632,1,611,1,1,6,1602470,4,8532689,10135159,2.2,0.83,2,13363,2,551950,565313,1.43,0.75,30.055470314621925,80,19.1,314889,1,36632,1,1
8,80,51.0,237880,1,7132,1,1,2,552769,0,0,552769,0.9,0.0,5,1589718,6,8055627,9645345,2.2,0.83,0.0,80,0.5,0,0,552769,2,1
9,80,19.1,314889,1,36632,1,1,2,552769,0,0,552769,0.9,0.0,5,1589718,6,8055627,9645345,2.2,0.83,0.0,80,0.5,0,0,552769,2,1
10,80,1.0,7132,1,263,1,1,5,1589718,6,8055627,9645345,2.2,0.83,1,263,3,8006,8269,2.5,0.21,0.2681251496076584,80,51.0,1,1,7132,1,1
11,80,0.5,36632,1,611,1,1,5,1589718,6,8055627,9645345,2.2,0.83,2,13363,2,551950,565313,1.43,0.75,28.36546021401882,80,19.1,314889,1,36632,1,1
12,80,51.0,237880,1,7132,1,1,2,552769,0,0,552769,0.9,0.0,5,1589718,3,8017371,9607089,2.2,0.67,0.0,80,0.5,0,0,552769,2,1
13,80,19.1,314889,1,36632,1,1,2,552769,0,0,552769,0.9,0.0,5,1589718,3,8017371,9607089,2.2,0.67,0.0,80,0.5,0,0,552769,2,1
14,80,1.0,7132,1,263,1,1,5,1589718,3,8017371,9607089,2.2,0.67,1,263,3,8006,8269,2.5,0.21,0.3089292854070663,80,51.0,1,1,7132,1,1
15,80,0.5,36632,1,611,1,1,5,1589718,3,8017371,9607089,2.2,0.67,2,13363,2,551950,565313,1.43,0.75,28.29973574876785,80,19.1,314889,1,36632,1,1
16,80,51.0,237880,1,7132,1,1,2,552769,0,0,552769,0.9,0.0,6,1602470,7,8570945,10173415,2.2,1.0,0.0,80,0.5,0,0,552769,2,1
17,80,19.1,314889,1,36632,1,1,2,552769,0,0,552769,0.9,0.0,6,1602470,7,8570945,10173415,2.2,1.0,0.0,80,0.5,0,0,552769,2,1
18,80,1.0,7132,1,263,1,1,6,1602470,7,8570945,10173415,2.2,1.0,1,263,3,8006,8269,2.5,0.21,0.3640160322189331,80,51.0,1,1,7132,1,1
19,80,0.5,36632,1,611,1,1,6,1602470,7,8570945,10173415,2.2,1.0,2,13363,2,551950,565313,1.43,0.75,33.78209890425205,80,19.1,314889,1,36632,1,1
20,80,51.0,237880,1,7132,1,1,2,552769,0,0,552769,0.9,0.0,6,1602470,4,8532689,10135159,2.2,0.83,0.0,80,0.5,0,0,552769,2,1
21,80,19.1,314889,1,36632,1,1,2,552769,0,0,552769,0.9,0.0,6,1602470,4,8532689,10135159,2.2,0.83,0.0,80,0.5,0,0,552769,2,1
22,80,1.0,7132,1,263,1,1,6,1602470,4,8532689,10135159,2.2,0.83,1,263,3,8006,8269,2.5,0.21,0.380718058347702,80,51.0,1,1,7132,1,1
23,80,0.5,36632,1,611,1,1,6,1602470,4,8532689,10135159,2.2,0.83,2,13363,2,551950,565313,1.43,0.75,30.01669587790966,80,19.1,314889,1,36632,1,1
24,80,51.0,237880,1,7132,1,1,2,552769,0,0,552769,0.9,0.0,7,1615222,5,9048007,10663229,2.2,1.0,0.0,80,0.5,0,0,552769,2,1
25,80,19.1,314889,1,36632,1,1,2,552769,0,0,552769,0.9,0.0,7,1615222,5,9048007,10663229,2.2,1.0,0.0,80,0.5,0,0,552769,2,1
26,80,1.0,7132,1,263,1,1,7,1615222,5,9048007,10663229,2.2,1.0,1,263,3,8006,8269,2.5,0.21,28.367993971705438,80,51.0,1,1,7132,1,1
27,80,0.5,36632,1,611,1,1,7,1615222,5,9048007,10663229,2.2,1.0,1,611,1,36632,37243,1.43,0.25,31.880269080400467,80,19.1,314889,1,36632,1,1
28,80,51.0,237880,1,7132,1,1,2,552769,0,0,552769,0.9,0.0,6,1602470,7,8570945,10173415,2.2,1.0,0.0,80,0.5,0,0,552769,2,1
29,80,19.1,314889,1,36632,1,1,2,552769,0,0,552769,0.9,0.0,6,1602470,7,8570945,10173415,2.2,1.0,0.0,80,0.5,0,0,552769,2,1
30,80,1.0,7132,1,263,1,1,6,1602470,7,8570945,10173415,2.2,1.0,1,263,3,8006,8269,2.5,0.21,12.625327429175377,80,51.0,1,1,7132,1,1
31,80,0.5,36632,1,611,1,1,6,1602470,7,8570945,10173415,2.2,1.0,1,611,1,36632,37243,1.43,0.25,34.42243132293224,80,19.1,314889,1,36632,1,1
32,80,51.0,237880,1,7132,1,1,2,552769,0,0,552769,0.9,0.0,6,1602470,4,8532689,10135159,2.2,0.83,0.0,80,0.5,0,0,552769,2,1
33,80,19.1,314889,1,36632,1,1,2,552769,0,0,552769,0.9,0.0,6,1602470,4,8532689,10135159,2.2,0.83,0.0,80,0.5,0,0,552769,2,1
34,80,1.0,7132,1,263,1,1,6,1602470,4,8532689,10135159,2.2,0.83,1,263,3,8006,8269,2.5,0.21,77.49743537008763,80,51.0,1,1,7132,1,1
35,80,0.5,36632,1,611,1,1,6,1602470,4,8532689,10135159,2.2,0.83,1,611,1,36632,37243,1.43,0.25,30.22763240635395,80,19.1,314889,1,36632,1,1
36,80,51.0,237880,1,7132,1,1,2,552769,0,0,552769,0.9,0.0,5,1589718,6,8055627,9645345,2.2,0.83,0.0,80,0.5,0,0,552769,2,1
37,80,19.1,314889,1,36632,1,1,2,552769,0,0,552769,0.9,0.0,5,1589718,6,8055627,9645345,2.2,0.83,0.0,80,0.5,0,0,552769,2,1
38,80,1.0,7132,1,263,1,1,5,1589718,6,8055627,9645345,2.2,0.83,1,263,3,8006,8269,2.5,0.21,78.82489015161991,80,51.0,1,1,7132,1,1
39,80,0.5,36632,1,611,1,1,5,1589718,6,8055627,9645345,2.2,0.83,2,13363,2,551950,565313,1.43,0.75,27.323626238107682,80,19.1,314889,1,36632,1,1
40,80,51.0,237880,1,7132,1,1,2,552769,0,0,552769,0.9,0.0,5,1589718,3,8017371,9607089,2.2,0.67,0.0,80,0.5,0,0,552769,2,1
41,80,19.1,314889,1,36632,1,1,2,552769,0,0,552769,0.9,0.0,5,1589718,3,8017371,9607089,2.2,0.67,0.0,80,0.5,0,0,552769,2,1
42,80,1.0,7132,1,263,1,1,5,1589718,3,8017371,9607089,2.2,0.67,1,263,3,8006,8269,2.5,0.21,39.7330584615469,80,51.0,1,1,7132,1,1
43,80,0.5,36632,1,611,1,1,5,1589718,3,8017371,9607089,2.2,0.67,2,13363,2,551950,565313,1.43,0.75,25.629279416799545,80,19.1,314889,1,36632,1,1
44,80,51.0,237880,1,7132,1,1,2,552769,0,0,552769,0.9,0.0,6,1602470,7,8570945,10173415,2.2,1.0,0.0,80,0.5,0,0,552769,2,1
45,80,19.1,314889,1,36632,1,1,2,552769,0,0,552769,0.9,0.0,6,1602470,7,8570945,10173415,2.2,1.0,0.0,80,0.5,0,0,552769,2,1
46,80,1.0,7132,1,263,1,1,6,1602470,7,8570945,10173415,2.2,1.0,1,263,3,8006,8269,2.5,0.21,0.3608560174703598,80,51.0,1,1,7132,1,1
47,80,0.5,36632,1,611,1,1,6,1602470,7,8570945,10173415,2.2,1.0,1,611,1,36632,37243,1.43,0.25,32.90661353766918,80,19.1,314889,1,36632,1,1
48,80,51.0,237880,1,7132,1,1,2,552769,0,0,552769,0.9,0.0,6,1602470,4,8532689,10135159,2.2,0.83,0.0,80,0.5,0,0,552769,2,1
49,80,19.1,314889,1,36632,1,1,2,552769,0,0,552769,0.9,0.0,6,1602470,4,8532689,10135159,2.2,0.83,0.0,80,0.5,0,0,552769,2,1
50,80,1.0,7132,1,263,1,1,6,1602470,4,8532689,10135159,2.2,0.83,1,263,3,8006,8269,2.5,0.21,9.78445927798748,80,51.0,1,1,7132,1,1
51,80,0.5,36632,1,611,1,1,6,1602470,4,8532689,10135159,2.2,0.83,1,611,1,36632,37243,1.43,0.25,29.54740329384804,80,19.1,314889,1,36632,1,1
52,80,51.0,237880,1,7132,1,1,2,552769,0,0,552769,0.9,0.0,5,1589718,6,8055627,9645345,2.2,0.83,0.0,80,0.5,0,0,552769,2,1
53,80,19.1,314889,1,36632,1,1,2,552769,0,0,552769,0.9,0.0,5,1589718,6,8055627,9645345,2.2,0.83,0.0,80,0.5,0,0,552769,2,1
54,80,1.0,7132,1,263,1,1,5,1589718,6,8055627,9645345,2.2,0.83,1,263,3,8006,8269,2.5,0.21,78.53373520374298,80,51.0,1,1,7132,1,1
55,80,0.5,36632,1,611,1,1,5,1589718,6,8055627,9645345,2.2,0.83,1,611,1,36632,37243,1.43,0.25,29.170439156889916,80,19.1,314889,1,36632,1,1
56,80,51.0,237880,1,7132,1,1,2,552769,0,0,552769,0.9,0.0,5,1589718,3,8017371,9607089,2.2,0.67,0.0,80,0.5,0,0,552769,2,1
57,80,19.1,314889,1,36632,1,1,2,552769,0,0,552769,0.9,0.0,5,1589718,3,8017371,9607089,2.2,0.67,0.0,80,0.5,0,0,552769,2,1
58,80,1.0,7132,1,263,1,1,5,1589718,3,8017371,9607089,2.2,0.67,1,263,3,8006,8269,2.5,0.21,71.92578115463257,80,51.0,1,1,7132,1,1
59,80,0.5,36632,1,611,1,1,5,1589718,3,8017371,9607089,2.2,0.67,1,611,1,36632,37243,1.43,0.25,25.33031481206417,80,19.1,314889,1,36632,1,1
60,80,51.0,237880,1,7132,1,1,2,552769,0,0,552769,0.9,0.0,3,56516,6,1106343,1162859,2.2,0.83,0.0,80,0.5,0,0,552769,2,1
61,80,19.1,314889,1,36632,1,1,2,552769,0,0,552769,0.9,0.0,3,56516,6,1106343,1162859,2.2,0.83,0.0,80,0.5,0,0,552769,2,1
62,80,1.0,7132,1,263,1,1,3,56516,6,1106343,1162859,2.2,0.83,1,263,3,8006,8269,2.5,0.21,62.65673624873161,80,51.0,1,1,7132,1,1
63,80,0.5,36632,1,611,1,1,3,56516,6,1106343,1162859,2.2,0.83,2,13363,2,551950,565313,1.43,0.75,22.44601625800133,80,19.1,314889,1,36632,1,1
64,80,51.0,237880,1,7132,1,1,2,552769,0,0,552769,0.9,0.0,3,56516,3,1068087,1124603,2.2,0.67,0.0,80,0.5,0,0,552769,2,1
65,80,19.1,314889,1,36632,1,1,2,552769,0,0,552769,0.9,0.0,3,56516,3,1068087,1124603,2.2,0.67,0.0,80,0.5,0,0,552769,2,1
66,80,1.0,7132,1,263,1,1,3,56516,3,1068087,1124603,2.2,0.67,1,263,3,8006,8269,2.5,0.21,40.39149306118488,80,51.0,1,1,7132,1,1
67,80,0.5,36632,1,611,1,1,3,56516,3,1068087,1124603,2.2,0.67,2,13363,2,551950,565313,1.43,0.75,20.245566380023956,80,19.1,314889,1,36632,1,1
68,80,51.0,237880,1,7132,1,1,2,552769,0,0,552769,0.9,0.0,2,43764,5,591025,634789,2.2,0.67,0.0,80,0.5,0,0,552769,2,1
69,80,19.1,314889,1,36632,1,1,2,552769,0,0,552769,0.9,0.0,2,43764,5,591025,634789,2.2,0.67,0.0,80,0.5,0,0,552769,2,1
70,80,1.0,7132,1,263,1,1,2,43764,5,591025,634789,2.2,0.67,1,263,3,8006,8269,2.5,0.21,0.27922716438770295,80,51.0,1,1,7132,1,1
71,80,0.5,36632,1,611,1,1,2,43764,5,591025,634789,2.2,0.67,2,13363,2,551950,565313,1.43,0.75,23.125721552968024,80,19.1,314889,1,36632,1,1
72,80,51.0,237880,1,7132,1,1,2,552769,0,0,552769,0.9,0.0,2,43764,2,552769,596533,2.2,0.5,0.0,80,0.5,0,0,552769,2,1
73,80,19.1,314889,1,36632,1,1,2,552769,0,0,552769,0.9,0.0,2,43764,2,552769,596533,2.2,0.5,0.0,80,0.5,0,0,552769,2,1
74,80,1.0,7132,1,263,1,1,2,43764,2,552769,596533,2.2,0.5,1,263,3,8006,8269,2.5,0.21,31.07071281671524,80,51.0,1,1,7132,1,1
75,80,0.5,36632,1,611,1,1,2,43764,2,552769,596533,2.2,0.5,2,13363,2,551950,565313,1.43,0.75,20.809983214735986,80,19.1,314889,1,36632,1,1
76,80,51.0,237880,1,7132,1,1,2,552769,0,0,552769,0.9,0.0,3,56516,6,1106343,1162859,2.2,0.83,0.0,80,0.5,0,0,552769,2,1
77,80,19.1,314889,1,36632,1,1,2,552769,0,0,552769,0.9,0.0,3,56516,6,1106343,1162859,2.2,0.83,0.0,80,0.5,0,0,552769,2,1
78,80,1.0,7132,1,263,1,1,3,56516,6,1106343,1162859,2.2,0.83,1,263,3,8006,8269,2.5,0.21,72.49701970815659,80,51.0,1,1,7132,1,1
79,80,0.5,36632,1,611,1,1,3,56516,6,1106343,1162859,2.2,0.83,2,13363,2,551950,565313,1.43,0.75,22.631634956598283,80,19.1,314889,1,36632,1,1
80,80,51.0,237880,1,7132,1,1,2,552769,0,0,552769,0.9,0.0,3,56516,3,1068087,1124603,2.2,0.67,0.0,80,0.5,0,0,552769,2,1
81,80,19.1,314889,1,36632,1,1,2,552769,0,0,552769,0.9,0.0,3,56516,3,1068087,1124603,2.2,0.67,0.0,80,0.5,0,0,552769,2,1
82,80,1.0,7132,1,263,1,1,3,56516,3,1068087,1124603,2.2,0.67,1,263,3,8006,8269,2.5,0.21,49.25971357524395,80,51.0,1,1,7132,1,1
83,80,0.5,36632,1,611,1,1,3,56516,3,1068087,1124603,2.2,0.67,2,13363,2,551950,565313,1.43,0.75,19.86855168044567,80,19.1,314889,1,36632,1,1
84,80,51.0,237880,1,7132,1,1,2,552769,0,0,552769,0.9,0.0,4,69268,7,1621661,1690929,2.2,1.0,0.0,80,0.5,0,0,552769,2,1
85,80,19.1,314889,1,36632,1,1,2,552769,0,0,552769,0.9,0.0,4,69268,7,1621661,1690929,2.2,1.0,0.0,80,0.5,0,0,552769,2,1
86,80,1.0,7132,1,263,1,1,4,69268,7,1621661,1690929,2.2,1.0,1,263,3,8006,8269,2.5,0.21,0.2956324636936188,80,51.0,1,1,7132,1,1
87,80,0.5,36632,1,611,1,1,4,69268,7,1621661,1690929,2.2,1.0,1,611,1,36632,37243,1.43,0.25,29.02708346247673,80,19.1,314889,1,36632,1,1
88,80,51.0,237880,1,7132,1,1,2,552769,0,0,552769,0.9,0.0,4,69268,4,1583405,1652673,2.2,0.83,0.0,80,0.5,0,0,552769,2,1
89,80,19.1,314889,1,36632,1,1,2,552769,0,0,552769,0.9,0.0,4,69268,4,1583405,1652673,2.2,0.83,0.0,80,0.5,0,0,552769,2,1
90,80,1.0,7132,1,263,1,1,4,69268,4,1583405,1652673,2.2,0.83,1,263,3,8006,8269,2.5,0.21,1.0878942757844925,80,51.0,1,1,7132,1,1
91,80,0.5,36632,1,611,1,1,4,69268,4,1583405,1652673,2.2,0.83,1,611,1,36632,37243,1.43,0.25,24.823005759716033,80,19.1,314889,1,36632,1,1
92,80,51.0,237880,1,7132,1,1,2,552769,0,0,552769,0.9,0.0,3,56516,6,1106343,1162859,2.2,0.83,0.0,80,0.5,0,0,552769,2,1
93,80,19.1,314889,1,36632,1,1,2,552769,0,0,552769,0.9,0.0,3,56516,6,1106343,1162859,2.2,0.83,0.0,80,0.5,0,0,552769,2,1
94,80,1.0,7132,1,263,1,1,3,56516,6,1106343,1162859,2.2,0.83,1,263,3,8006,8269,2.5,0.21,60.96150270402431,80,51.0,1,1,7132,1,1
95,80,0.5,36632,1,611,1,1,3,56516,6,1106343,1162859,2.2,0.83,1,611,1,36632,37243,1.43,0.25,23.69321303963661,80,19.1,314889,1,36632,1,1
96,80,51.0,237880,1,7132,1,1,2,552769,0,0,552769,0.9,0.0,3,56516,3,1068087,1124603,2.2,0.67,0.0,80,0.5,0,0,552769,2,1
97,80,19.1,314889,1,36632,1,1,2,552769,0,0,552769,0.9,0.0,3,56516,3,1068087,1124603,2.2,0.67,0.0,80,0.5,0,0,552769,2,1
98,80,1.0,7132,1,263,1,1,3,56516,3,1068087,1124603,2.2,0.67,1,263,3,8006,8269,2.5,0.21,62.40622856020927,80,51.0,1,1,7132,1,1
99,80,0.5,36632,1,611,1,1,3,56516,3,1068087,1124603,2.2,0.67,1,611,1,36632,37243,1.43,0.25,21.334792095422745,80,19.1,314889,1,36632,1,1
100,80,51.0,237880,1,7132,1,1,2,552769,0,0,552769,0.9,0.0,2,43764,5,591025,634789,2.2,0.67,0.0,80,0.5,0,0,552769,2,1
101,80,19.1,314889,1,36632,1,1,2,552769,0,0,552769,0.9,0.0,2,43764,5,591025,634789,2.2,0.67,0.0,80,0.5,0,0,552769,2,1
102,80,1.0,7132,1,263,1,1,2,43764,5,591025,634789,2.2,0.67,1,263,3,8006,8269,2.5,0.21,11.443234950304031,80,51.0,1,1,7132,1,1
103,80,0.5,36632,1,611,1,1,2,43764,5,591025,634789,2.2,0.67,2,13363,2,551950,565313,1.43,0.75,22.598444771766662,80,19.1,314889,1,36632,1,1
104,80,51.0,237880,1,7132,1,1,2,552769,0,0,552769,0.9,0.0,2,43764,2,552769,596533,2.2,0.5,0.0,80,0.5,0,0,552769,2,1
105,80,19.1,314889,1,36632,1,1,2,552769,0,0,552769,0.9,0.0,2,43764,2,552769,596533,2.2,0.5,0.0,80,0.5,0,0,552769,2,1
106,80,1.0,7132,1,263,1,1,2,43764,2,552769,596533,2.2,0.5,1,263,3,8006,8269,2.5,0.21,0.2395637661218643,80,51.0,1,1,7132,1,1
107,80,0.5,36632,1,611,1,1,2,43764,2,552769,596533,2.2,0.5,2,13363,2,551950,565313,1.43,0.75,21.062276992201806,80,19.1,314889,1,36632,1,1
108,80,51.0,237880,1,7132,1,1,2,552769,0,0,552769,0.9,0.0,3,56516,6,1106343,1162859,2.2,0.83,0.0,80,0.5,0,0,552769,2,1
109,80,19.1,314889,1,36632,1,1,2,552769,0,0,552769,0.9,0.0,3,56516,6,1106343,1162859,2.2,0.83,0.0,80,0.5,0,0,552769,2,1
110,80,1.0,7132,1,263,1,1,3,56516,6,1106343,1162859,2.2,0.83,1,263,3,8006,8269,2.5,0.21,80.7694374680519,80,51.0,1,1,7132,1,1
111,80,0.5,36632,1,611,1,1,3,56516,6,1106343,1162859,2.2,0.83,1,611,1,36632,37243,1.43,0.25,21.96205788552761,80,19.1,314889,1,36632,1,1
112,80,51.0,237880,1,7132,1,1,2,552769,0,0,552769,0.9,0.0,3,56516,3,1068087,1124603,2.2,0.67,0.0,80,0.5,0,0,552769,2,1
113,80,19.1,314889,1,36632,1,1,2,552769,0,0,552769,0.9,0.0,3,56516,3,1068087,1124603,2.2,0.67,0.0,80,0.5,0,0,552769,2,1
114,80,1.0,7132,1,263,1,1,3,56516,3,1068087,1124603,2.2,0.67,1,263,3,8006,8269,2.5,0.21,54.85318499803543,80,51.0,1,1,7132,1,1
115,80,0.5,36632,1,611,1,1,3,56516,3,1068087,1124603,2.2,0.67,1,611,1,36632,37243,1.43,0.25,21.038181695342065,80,19.1,314889,1,36632,1,1
116,80,51.0,237880,1,7132,1,1,2,552769,0,0,552769,0.9,0.0,2,43764,5,591025,634789,2.2,0.67,0.0,80,0.5,0,0,552769,2,1
117,80,19.1,314889,1,36632,1,1,2,552769,0,0,552769,0.9,0.0,2,43764,5,591025,634789,2.2,0.67,0.0,80,0.5,0,0,552769,2,1
118,80,1.0,7132,1,263,1,1,2,43764,5,591025,634789,2.2,0.67,1,263,3,8006,8269,2.5,0.21,16.54428326189518,80,51.0,1,1,7132,1,1
119,80,0.5,36632,1,611,1,1,2,43764,5,591025,634789,2.2,0.67,1,611,1,36632,37243,1.43,0.25,24.249161723256112,80,19.1,314889,1,36632,1,1
0,80,51.0,237880,1,7132,1,1,2,552769,0,0,552769,0.9,0.0,5,1565838,6,8256056,9821894,2.2,0.75,0.0,80,0.5,0,0,552769,2,1
1,80,19.1,314889,1,36632,1,1,2,552769,0,0,552769,0.9,0.0,3,62136,3,1345525,1407661,3.6,0.88,0.0,80,0.5,0,0,552769,2,1
2,80,1.0,7132,1,263,1,1,5,1565838,6,8256056,9821894,2.2,0.75,2,874,2,43764,44638,1.43,1.0,0.33604239821434023,80,51.0,1,1,7132,1,1
3,80,0.5,36632,1,611,1,1,3,62136,3,1345525,1407661,3.6,0.88,2,874,2,43764,44638,1.43,1.0,18.00995526313782,80,19.1,314889,1,36632,1,1
4,80,51.0,237880,1,7132,1,1,2,552769,0,0,552769,0.9,0.0,3,32636,6,1306772,1339408,2.2,0.75,0.0,80,0.5,0,0,552769,2,1
5,80,19.1,314889,1,36632,1,1,2,552769,0,0,552769,0.9,0.0,5,1595338,3,8294809,9890147,3.6,0.88,0.0,80,0.5,0,0,552769,2,1
6,80,1.0,7132,1,263,1,1,3,32636,6,1306772,1339408,2.2,0.75,2,874,2,43764,44638,1.43,1.0,0.4276119530200958,80,51.0,1,1,7132,1,1
7,80,0.5,36632,1,611,1,1,5,1595338,3,8294809,9890147,3.6,0.88,2,874,2,43764,44638,1.43,1.0,32.102342748641966,80,19.1,314889,1,36632,1,1
0,80,51.0,237880,1,7132,1,1,2,552769,0,0,552769,0.9,0.0,6,1566101,7,8263188,9829289,2.2,1.0,0.0,80,0.5,0,0,552769,2,1
1,80,19.1,314889,1,36632,1,1,2,552769,0,0,552769,0.9,0.0,2,49384,2,830207,879591,3.6,0.62,0.0,80,0.5,0,0,552769,2,1
2,80,1.0,7132,1,263,1,1,6,1566101,7,8263188,9829289,2.2,1.0,6,1566101,7,8263188,9829289,2.2,1.0,0.2970119804143906,80,51.0,1,1,7132,1,1
3,80,0.5,36632,1,611,1,1,2,49384,2,830207,879591,3.6,0.62,2,13363,2,551950,565313,1.43,0.75,15.206770661473275,80,19.1,314889,1,36632,1,1
4,80,51.0,237880,1,7132,1,1,2,552769,0,0,552769,0.9,0.0,6,1566101,4,8224932,9791033,2.2,0.83,0.0,80,0.5,0,0,552769,2,1
5,80,19.1,314889,1,36632,1,1,2,552769,0,0,552769,0.9,0.0,2,49384,5,868463,917847,3.6,0.88,0.0,80,0.5,0,0,552769,2,1
6,80,1.0,7132,1,263,1,1,6,1566101,4,8224932,9791033,2.2,0.83,6,1566101,4,8224932,9791033,2.2,0.83,0.3473100155591965,80,51.0,1,1,7132,1,1
7,80,0.5,36632,1,611,1,1,2,49384,5,868463,917847,3.6,0.88,2,13363,2,551950,565313,1.43,0.75,15.150249034166336,80,19.1,314889,1,36632,1,1
8,80,51.0,237880,1,7132,1,1,2,552769,0,0,552769,0.9,0.0,5,1553349,6,7747870,9301219,2.2,0.83,0.0,80,0.5,0,0,552769,2,1
9,80,19.1,314889,1,36632,1,1,2,552769,0,0,552769,0.9,0.0,3,62136,3,1345525,1407661,3.6,0.88,0.0,80,0.5,0,0,552769,2,1
10,80,1.0,7132,1,263,1,1,5,1553349,6,7747870,9301219,2.2,0.83,5,1553349,6,7747870,9301219,2.2,0.83,0.5280211210250855,80,51.0,1,1,7132,1,1
11,80,0.5,36632,1,611,1,1,3,62136,3,1345525,1407661,3.6,0.88,2,13363,2,551950,565313,1.43,0.75,29.709332394599915,80,19.1,314889,1,36632,1,1
12,80,51.0,237880,1,7132,1,1,2,552769,0,0,552769,0.9,0.0,6,1566101,7,8263188,9829289,2.2,1.0,0.0,80,0.5,0,0,552769,2,1
13,80,19.1,314889,1,36632,1,1,2,552769,0,0,552769,0.9,0.0,2,49384,2,830207,879591,3.6,0.62,0.0,80,0.5,0,0,552769,2,1
14,80,1.0,7132,1,263,1,1,6,1566101,7,8263188,9829289,2.2,1.0,6,1566101,7,8263188,9829289,2.2,1.0,0.3818756103515625,80,51.0,1,1,7132,1,1
15,80,0.5,36632,1,611,1,1,2,49384,2,830207,879591,3.6,0.62,2,13363,2,551950,565313,1.43,0.75,15.647445821762085,80,19.1,314889,1,36632,1,1
16,80,51.0,237880,1,7132,1,1,2,552769,0,0,552769,0.9,0.0,6,1566101,4,8224932,9791033,2.2,0.83,0.0,80,0.5,0,0,552769,2,1
17,80,19.1,314889,1,36632,1,1,2,552769,0,0,552769,0.9,0.0,2,49384,5,868463,917847,3.6,0.88,0.0,80,0.5,0,0,552769,2,1
18,80,1.0,7132,1,263,1,1,6,1566101,4,8224932,9791033,2.2,0.83,6,1566101,4,8224932,9791033,2.2,0.83,0.3733294248580933,80,51.0,1,1,7132,1,1
19,80,0.5,36632,1,611,1,1,2,49384,5,868463,917847,3.6,0.88,2,13363,2,551950,565313,1.43,0.75,16.192919650673865,80,19.1,314889,1,36632,1,1
